4LAC_catalog_generator_v2/resulting_catalogs/agn_pop_4lac_dr2.ecsv
# %ECSV 1.0
# ---
# datatype:
# - {name: Source_Name, datatype: string}
# - {name: RAJ2000, datatype: float32}
# - {name: DEJ2000, datatype: float32}
# - {name: Redshift, datatype: float64}
# - {name: SpectrumType, datatype: string}
# - {name: Pivot_Energy, datatype: float32}
# - {name: PL_Flux_Density, datatype: float32}
# - {name: PL_Index, datatype: float32}
# - {name: LP_Flux_Density, datatype: float32}
# - {name: LP_Index, datatype: float32}
# - {name: LP_beta, datatype: float32}
# - {name: SED_class, datatype: string}
# schema: astropy-2.0
Source_Name RAJ2000 DEJ2000 Redshift SpectrumType Pivot_Energy PL_Flux_Density PL_Index LP_Flux_Density LP_Index LP_beta SED_class
[from data line 3428]
J2327.4+0444 351.8522 4.7433 -inf PowerLaw 1075.3025 1.9360167e-13 2.4300566 1.8669033e-13 2.4301825 -0.02443383 ISP
J2327.5-3259 351.8825 -32.9869 -inf PowerLaw 660.09717 7.110541e-13 2.5570471 8.415889e-13 2.4000988 0.19148436 ""
J2327.5+0939 351.8959 9.6543 1.843 LogParabola 581.8991 7.390023e-12 2.6927953 8.2983065e-12 2.6821094 0.12763153 LSP
J2328.3-4036 352.0817 -40.6037 1.972 LogParabola 770.9459 4.6242407e-12 2.3817308 4.9806695e-12 2.3326485 0.07056793 LSP
J2329.0+0832 352.2574 8.5383 0.948 PowerLaw 1420.8402 1.5668772e-13 2.474708 1.6013433e-13 2.4540362 0.019675946 LSP
J2329.2+3755 352.3178 37.9213 0.264 PowerLaw 3464.1516 5.6228653e-14 1.8987738 5.768882e-14 1.8833896 0.014016966 HSP
J2329.3-4955 352.3294 -49.9324 0.518 LogParabola 521.94464 6.526246e-11 2.2817457 7.2906e-11 2.1765118 0.10551553 LSP
J2329.3-4733 352.3394 -47.5558 1.302 PowerLaw 1076.8761 3.2726415e-13 2.507463 3.4079215e-13 2.4864233 0.04176286 LSP
J2329.7+6101 352.4343 61.0239 -inf PowerLaw 4833.471 2.956256e-14 2.032 3.2046858e-14 1.9515692 0.06670746 ""
J2329.7-2118 352.4375 -21.3035 0.030798 PowerLaw 1355.5438 2.3398685e-13 2.4505024 2.3049667e-13 2.467865 -0.013617852 ""
J2330.2+7759 352.5682 77.9947 -inf PowerLaw 1405.313 2.1830698e-13 2.3295753 2.5108393e-13 2.2353816 0.11901766 ""
J2330.3-2332 352.5802 -23.5395 -inf PowerLaw 2000.8651 4.0633194e-14 2.199663 4.572032e-14 2.0547495 0.118413635 HSP
J2330.3-2948 352.5806 -29.8072 0.2971 PowerLaw 2551.1108 2.5058069e-14 2.0425398 2.0728404e-14 2.181349 -0.0921453 ISP
J2330.5+1102 352.6287 11.0479 1.489 PowerLaw 565.7879 2.0557573e-12 2.7867525 2.5253194e-12 2.6197777 0.26568615 LSP
J2330.6-3726 352.6603 -37.4346 0.279 PowerLaw 984.03076 4.0833095e-13 2.455785 3.6727175e-13 2.5174057 -0.069607124 LSP
J2331.0-2147 352.7632 -21.7953 0.563 LogParabola 911.6409 1.7690057e-12 2.4381886 2.016546e-12 2.4329622 0.13048409 LSP
J2331.1-1653 352.782 -16.8977 -inf PowerLaw 610.46936 6.386972e-13 2.8222134 6.8230653e-13 2.755271 0.07437742 ""
J2331.3-1558 352.8388 -15.9777 1.153 PowerLaw 1004.0831 2.4627753e-13 2.5420866 2.5968057e-13 2.4766953 0.060104724 LSP
J2331.5-0258 352.8817 -2.9765 -inf PowerLaw 4132.2944 8.932718e-15 1.9042819 1.206112e-14 1.670365 0.26026157 HSP
J2332.1-4118 353.0254 -41.3015 0.671 PowerLaw 1800.0261 6.590555e-14 2.2736459 9.050701e-14 2.1081686 0.3832089 LSP
J2333.4-0133 353.3699 -1.5533 1.062 PowerLaw 1284.994 1.4257092e-13 2.5112414 1.8313958e-13 2.5447307 0.20670912 LSP
J2334.2+0736 353.5573 7.602 0.401 PowerLaw 965.60645 5.62137e-13 2.4706018 6.060894e-13 2.4437554 0.06397186 LSP
J2334.8+1432 353.7233 14.5346 0.415 LogParabola 1535.0879 3.8709368e-13 2.0117173 4.3305696e-13 1.901546 0.08816218 LSP
J2334.9-2346 353.7432 -23.7759 0.048 PowerLaw 813.6154 7.5474257e-13 2.5013766 7.807304e-13 2.4827752 0.031068366 ""
J2335.4-0128 353.8688 -1.476 1.182 LogParabola 1202.042 3.214627e-13 2.4672556 4.346942e-13 2.504818 0.30995768 LSP
J2336.5-7622 354.1396 -76.3755 -inf PowerLaw 1705.3884 1.11521307e-13 2.2276113 1.1444636e-13 2.2088792 0.018661475 ""
J2336.6+2356 354.1535 23.9423 0.1267 PowerLaw 2024.8069 6.925155e-14 2.116247 7.691969e-14 2.067902 0.06576577 LSP
J2336.6-4115 354.1636 -41.2579 1.406 LogParabola 805.3311 1.6195729e-12 2.326325 1.8078455e-12 2.2165315 0.114641726 LSP
J2336.9-5859 354.2485 -58.988 -inf PowerLaw 894.7544 1.7900139e-13 2.5155606 1.9805694e-13 2.0901363 0.23216625 LSP
J2338.0-0230 354.5085 -2.5106 1.071 PowerLaw 745.515 2.4552064e-12 2.4904866 2.6132727e-12 2.4650662 0.05293133 LSP
J2338.1+0325 354.5288 3.4262 0.27 PowerLaw 1603.4708 8.3322855e-14 2.3742676 1.0402155e-13 2.3687997 0.17217295 ISP
J2338.9+2124 354.739 21.4045 0.291 PowerLaw 2547.4956 6.467933e-14 2.0069292 6.304568e-14 2.0199738 -0.013409986 ISP
J2339.2-7403 354.8153 -74.0579 -999.0 PowerLaw 2530.3171 6.8174273e-14 1.9746488 7.2736664e-14 1.9150776 0.04460071 HSP
J2339.3-2656 354.8377 -26.9482 -inf PowerLaw 1383.1508 6.1706e-14 2.3104727 6.263777e-14 2.2928061 0.0140085425 ""
J2339.6+0242 354.9044 2.7102 2.666 PowerLaw 779.01245 8.280329e-13 2.5489962 1.020406e-12 2.5348222 0.20114887 LSP
J2340.5+3854 355.1284 38.9054 -inf PowerLaw 3440.5159 1.6195602e-14 1.9942672 1.731118e-14 1.9344683 0.049444314 HSP
J2340.8+8015 355.2084 80.26 0.274 LogParabola 3026.9866 2.0797956e-13 1.9446008 2.370481e-13 1.8392149 0.09363815 HSP
J2341.8-2917 355.4515 -29.2946 0.0517 PowerLaw 1593.5455 7.331559e-14 2.23776 8.4215383e-14 2.107179 0.12866709 ISP
J2343.6+3438 355.9063 34.6403 0.366 PowerLaw 4630.3926 1.785773e-14 1.7666667 2.0197953e-14 1.702505 0.06387781 HSP
J2343.7-5624 355.9349 -56.4048 1.2399 PowerLaw 1032.4503 2.1835688e-13 2.4712567 2.1270212e-13 2.4879088 -0.021919677 LSP
J2343.9+0546 355.9906 5.7788 -inf LogParabola 2060.3484 8.606181e-14 2.114918 1.1899162e-13 2.0103252 0.29186141 HSP
J2345.2-1555 356.303 -15.9182 0.621 LogParabola 826.4695 1.674069e-11 2.1499286 1.8572952e-11 2.0339315 0.102900624 LSP
J2346.7+0705 356.6786 7.0931 0.172 PowerLaw 3306.8574 9.3769576e-14 1.8699483 9.783825e-14 1.8473213 0.021908803 ISP
J2346.7+8008 356.6867 80.1366 -inf PowerLaw 1289.9031 3.8269239e-13 2.414303 4.974165e-13 2.4402838 0.14293511 LSP
J2347.0+5141 356.7659 51.6966 0.044 LogParabola 1934.7299 6.918134e-13 1.8144213 7.2729426e-13 1.7465011 0.036544148 HSP
J2347.9+5436 356.9809 54.6065 -999.0 LogParabola 6385.6387 1.053918e-14 1.7250531 1.4318943e-14 1.5779965 0.18869776 ""
J2348.0-1630 357.016 -16.5161 0.576 LogParabola 825.9608 5.7038055e-12 2.338661 6.0703977e-12 2.2900362 0.057195105 LSP
J2348.1-4934 357.0372 -49.57 -inf PowerLaw 864.58527 2.2518939e-13 2.5589118 3.042457e-13 1.8454612 0.6823193 LSP
J2348.3-6049 357.0883 -60.8202 -inf PowerLaw 2349.9092 1.4814403e-14 2.1299603 2.011401e-14 1.601308 0.4498676 LSP
J2349.2+4535 357.305 45.5979 -inf PowerLaw 2096.3806 5.5677007e-14 2.1762068 6.182646e-14 2.1257415 0.0740733 ""
J2349.4+0534 357.3558 5.579 0.419 PowerLaw 999.5865 3.6388847e-13 2.4666255 3.530676e-13 2.4794068 -0.02017657 LSP
J2350.6-3005 357.6649 -30.087 0.22368 PowerLaw 2235.5896 8.104035e-14 2.0217648 8.479401e-14 1.9856318 0.0325863 HSP
J2350.9-1416 357.7469 -14.2756 -inf PowerLaw 2543.7915 1.7133923e-14 2.122309 2.30399e-14 1.700724 0.44190314 HSP
J2351.3-7559 357.8326 -75.9865 -999.0 PowerLaw 2983.3655 4.9444332e-14 1.9144428 5.736014e-14 1.7942748 0.10597084 HSP
J2352.0+1750 358.0132 17.8394 -inf PowerLaw 1963.0232 1.217889e-13 2.065914 1.432079e-13 1.9516814 0.13165493 ISP
J2352.9+3031 358.2252 30.52 -inf PowerLaw 2799.408 1.9287655e-14 2.1647162 1.4487777e-14 2.2636366 -0.11859896 LSP
J2353.1-4806 358.2892 -48.1109 -inf PowerLaw 1948.5557 5.6915207e-14 2.1118307 6.682443e-14 2.0179627 0.13472761 ""
J2353.5+6646 358.3926 66.7697 -inf PowerLaw 1027.8109 6.0528866e-13 2.7137702 6.6657655e-13 2.74507 0.046753597 ""
J2353.5-1457 358.395 -14.9567 -inf PowerLaw 3224.127 1.23030816e-14 2.081107 1.11399605e-14 2.1361957 -0.057411257 ""
J2353.7-3037 358.4321 -30.6219 0.737 PowerLaw 1710.6681 1.3332033e-13 2.1599035 1.470653e-13 2.0826175 0.08742853 LSP
J2353.8-3911 358.4659 -39.1977 -inf PowerLaw 1597.1942 6.479948e-14 2.2430613 7.3778955e-14 2.1171641 0.15250663 ""
J2354.1+2720 358.5268 27.3494 0.149472 PowerLaw 1583.551 8.395104e-14 2.2413225 9.700179e-14 2.1028843 0.12625371 LSP
J2354.1-0958 358.5309 -9.9774 0.989 PowerLaw 1281.2754 9.463894e-14 2.438216 1.0714835e-13 2.387059 0.10950279 LSP
J2354.6+4554 358.6618 45.9058 1.992 PowerLaw 1479.889 1.1689914e-13 2.3059368 1.6116386e-13 2.1548154 0.29590574 LSP
J2354.9+8151 358.7412 81.8666 1.344 PowerLaw 912.88666 5.4348767e-13 2.5367713 6.012645e-13 2.4832962 0.08640249 LSP
J2355.7-3351 358.9306 -33.8607 -inf PowerLaw 582.0943 1.6802744e-12 2.5796278 1.7487618e-12 2.5629694 0.030991236 HSP
J2356.2+4036 359.0656 40.6071 0.131 PowerLaw 3364.589 3.548555e-14 1.9423828 3.6409047e-14 1.9281182 0.014485095 HSP
J2357.0-4840 359.2658 -48.6707 -inf PowerLaw 2096.4524 4.2979777e-14 2.0864978 5.0763006e-14 1.9824299 0.1399019 LSP
J2357.4-0152 359.3674 -1.8703 0.812 PowerLaw 1181.1984 2.3115342e-13 2.3149943 2.5433556e-13 2.2427566 0.080260575 LSP
J2357.4-1718 359.3705 -17.3108 -999.0 PowerLaw 4651.4097 1.6628853e-14 1.7614914 1.8205875e-14 1.686544 0.050713632 ""
J2357.8-5311 359.463 -53.1919 1.006 PowerLaw 603.7051 2.4203248e-12 2.6373534 2.4912316e-12 2.6289225 0.019227406 LSP
J2358.0-4601 359.5223 -46.0176 0.444 PowerLaw 662.7951 1.0244216e-12 2.58189 9.821101e-13 2.6041126 -0.031504635 LSP
J2358.1-2853 359.5498 -28.8936 -inf PowerLaw 1281.394 2.1042043e-13 2.2268965 2.4755287e-13 2.133363 0.14821252 ISP
J2358.3-1021 359.5822 -10.3616 1.638 PowerLaw 574.9515 4.0763955e-12 2.5930922 4.45531e-12 2.5634255 0.083448544 LSP
J2358.3+3830 359.5883 38.5097 0.2 PowerLaw 2144.6682 8.894096e-14 2.174949 9.005037e-14 2.1650395 0.008875638 ""
J2358.5-1808 359.6387 -18.1408 0.057553 PowerLaw 2582.5127 7.908459e-14 1.9336915 8.5434426e-14 1.8634139 0.054448407 HSP
J2359.0+3922 359.7548 39.3669 1.198 PowerLaw 1621.9188 1.1973475e-13 2.3477888 1.1708454e-13 2.3640099 -0.017356092 LSP
J2359.0-3038 359.7719 -30.6367 0.165 PowerLaw 3703.5862 3.3936805e-14 1.8187637 3.5061916e-14 1.7988403 0.017256342 HSP
J2359.1+1719 359.7756 17.3225 -inf PowerLaw 2801.7244 1.7541105e-14 2.0055103 2.2782769e-14 1.9000158 0.16625412 ISP
J2359.2-3134 359.8167 -31.5832 0.99 PowerLaw 663.0757 8.154589e-13 2.604698 8.583684e-13 2.5858138 0.039058067 LSP
J2359.3+0215 359.8329 2.2603 -inf PowerLaw 4726.44 5.183745e-15 1.7947075 9.2811314e-15 1.607395 0.42203328 LSP
J2359.3-2049 359.8357 -20.8189 0.096 PowerLaw 1965.9421 8.613323e-14 2.0880377 8.2531455e-14 2.1214917 -0.026858702 LSP
J2359.9-3736 359.9816 -37.616 -inf PowerLaw 1844.0975 5.4040583e-14 2.0688875 7.380662e-14 1.9067892 0.25992045 LSP
