4LAC_catalog_generator_v2/resulting_catalogs/agn_pop_4lac_dr2.ecsv
# %ECSV 1.0
# ---
# datatype:
# - {name: Source_Name, datatype: string}
# - {name: RAJ2000, datatype: float32}
# - {name: DEJ2000, datatype: float32}
# - {name: Redshift, datatype: float64}
# - {name: SpectrumType, datatype: string}
# - {name: Pivot_Energy, datatype: float32}
# - {name: PL_Flux_Density, datatype: float32}
# - {name: PL_Index, datatype: float32}
# - {name: LP_Flux_Density, datatype: float32}
# - {name: LP_Index, datatype: float32}
# - {name: LP_beta, datatype: float32}
# - {name: SED_class, datatype: string}
# schema: astropy-2.0
Source_Name RAJ2000 DEJ2000 Redshift SpectrumType Pivot_Energy PL_Flux_Density PL_Index LP_Flux_Density LP_Index LP_beta SED_class
[from data line 967]
J0625.8-5441 96.4523 -54.6919 2.051 PowerLaw 499.57645 2.3545029e-12 2.7322555 2.6120547e-12 2.6794858 0.08829925 LSP
J0626.4-4259 96.6095 -42.9835 -inf PowerLaw 3364.1108 2.683511e-14 1.9003268 3.2666656e-14 1.5842143 0.20531937 HSP
J0626.4-1712 96.6175 -17.2017 0.7 PowerLaw 2463.81 3.5175906e-14 2.2334795 3.3293694e-14 2.2608583 -0.03378176 HSP
J0627.0-3529 96.7747 -35.4867 0.05494 PowerLaw 2268.2725 2.5441156e-13 1.9154272 2.6252888e-13 1.8939214 0.01782648 HSP
J0628.6+6900 97.1695 69.0006 0.37 PowerLaw 1823.4518 6.9939267e-14 2.2127647 7.428746e-14 2.1768744 0.041382752 ""
J0628.8-6250 97.2174 -62.8405 -inf PowerLaw 1358.7534 4.1260121e-13 2.2043786 4.5923963e-13 2.1117182 0.09632065 LSP
J0629.3-1959 97.3478 -19.9999 1.724 LogParabola 838.9151 3.4910469e-12 2.230717 3.771961e-12 2.1480951 0.07038092 LSP
J0629.6+2435 97.4084 24.5877 -inf PowerLaw 3250.2974 2.7427987e-14 2.0072489 3.7482705e-14 1.9158139 0.20985797 ""
J0630.2+3228 97.5576 32.4681 -inf PowerLaw 4369.1216 6.5109017e-15 2.0218334 7.593058e-15 1.9805678 0.08796304 ""
J0630.9-2406 97.7414 -24.111 -999.0 LogParabola 1757.045 1.3286196e-12 1.8139521 1.4808029e-12 1.654211 0.09257669 HSP
J0631.1+2020 97.7766 20.3406 -inf PowerLaw 1500.1555 3.5776373e-13 2.4290636 4.2104005e-13 2.2348633 0.21005009 ""
J0632.0-1032 98.0226 -10.5335 -inf PowerLaw 1256.3009 4.467638e-13 2.4211075 5.2147056e-13 2.3623853 0.11309879 ""
J0633.4-2222 98.3696 -22.3724 1.508 LogParabola 667.30646 1.7337847e-12 2.5962121 2.2049521e-12 2.3921397 0.28971678 LSP
J0634.9-2335 98.7305 -23.5949 1.535 PowerLaw 731.98004 1.5928233e-12 2.6120405 1.7443232e-12 2.5633783 0.07919162 LSP
J0635.6-7518 98.9022 -75.3046 0.653 PowerLaw 515.6476 6.5767313e-12 2.7008731 6.7087147e-12 2.6903515 0.016540188 LSP
J0636.5+7138 99.1402 71.6473 -inf PowerLaw 914.0666 6.289844e-13 2.5161626 6.875519e-13 2.4572067 0.08138582 LSP
J0637.4-3537 99.3708 -35.6264 -inf PowerLaw 1578.4012 1.0552777e-13 2.231813 1.2653393e-13 2.131355 0.15201655 LSP
J0638.2+6020 99.5691 60.3461 -inf PowerLaw 1138.5271 1.6458463e-13 2.4291086 2.1379318e-13 2.374654 0.2296985 ISP
J0638.6+7320 99.6711 73.3438 1.85 PowerLaw 324.5855 9.2473815e-12 3.0269978 9.335782e-12 3.0223308 0.005964136 LSP
J0638.7+2753 99.6887 27.8903 -inf PowerLaw 5856.145 3.866904e-15 1.8339703 4.8806284e-15 1.7481054 0.14520977 ""
J0638.7+5658 99.6895 56.9785 -inf PowerLaw 778.5127 3.3655072e-13 2.5624797 4.7396733e-13 2.4685757 0.30642352 ""
J0639.6+3503 99.9024 35.0586 -inf PowerLaw 544.1021 1.6075235e-12 2.7460656 1.4829685e-12 2.7780683 -0.052023496 LSP
J0640.0-1253 100.0213 -12.896 0.135 PowerLaw 10809.04 5.2636787e-15 1.6539474 5.6708424e-15 1.6164176 0.035569564 HSP
J0640.8+2432 100.2165 24.5421 -inf LogParabola 5914.548 5.219093e-15 1.7370201 8.6619436e-15 1.4698157 0.3676347 ""
J0641.7-0320 100.4371 -3.3466 1.196 LogParabola 493.35126 1.5535321e-11 2.6824963 1.8980392e-11 2.554174 0.1708793 LSP
J0643.2-5356 100.8154 -53.9364 -inf PowerLaw 1040.729 3.1443118e-13 2.4507604 3.2239185e-13 2.4396038 0.017859127 LSP
J0643.3+0857 100.8345 8.9525 0.882 LogParabola 771.7764 6.2853273e-12 2.550468 7.801555e-12 2.4893262 0.17680942 LSP
J0644.4-6712 101.1053 -67.2124 -inf LogParabola 995.0392 2.2253913e-12 2.1568253 2.4161244e-12 2.0369608 0.0895989 LSP
J0644.6+6039 101.1623 60.6562 0.3582 PowerLaw 2635.8665 4.5805394e-14 2.0710208 4.7206122e-14 2.0477736 0.022247214 ISP
J0644.6-2853 101.1743 -28.8868 0.49 LogParabola 4501.9194 1.3436106e-14 1.8356092 1.9113976e-14 1.586988 0.2891843 ""
J0646.4-5455 101.6231 -54.9244 -inf LogParabola 1755.6179 1.5196812e-13 2.2386928 2.686482e-13 1.852621 0.92062837 LSP
J0646.7-3913 101.6784 -39.2177 0.681 PowerLaw 283.54977 1.0473476e-11 2.9848886 1.1117809e-11 2.9332979 0.061543774 LSP
J0647.0-5138 101.7727 -51.6375 -inf PowerLaw 5607.9814 5.5525314e-15 1.8229164 6.764608e-15 1.6385139 0.14395829 HSP
J0647.7-4418 101.9253 -44.3058 -inf PowerLaw 1730.3025 8.6874206e-14 2.1990685 1.090539e-13 2.030059 0.21360359 ""
J0647.7-6058 101.9314 -60.9781 -inf PowerLaw 881.516 9.081657e-13 2.4456255 9.600629e-13 2.4179213 0.042604797 LSP
J0647.8+4527 101.9576 45.4646 -inf PowerLaw 466.35663 4.139211e-12 2.805661 4.6670614e-12 2.7729716 0.104221314 LSP
J0648.0-3045 102.0101 -30.7509 1.153 LogParabola 542.651 7.1031024e-12 2.4875946 8.15932e-12 2.3854766 0.12981066 LSP
J0648.1+1605 102.0403 16.0928 -inf PowerLaw 5612.416 6.0118384e-15 1.8528101 7.705364e-15 1.7371604 0.15075418 ""
J0648.2+1745 102.0746 17.7651 -inf PowerLaw 4594.577 8.4273595e-15 2.0321 7.0803666e-15 2.133306 -0.0811019 ""
J0648.4-1743 102.111 -17.7231 1.232 LogParabola 785.72327 6.641565e-12 2.4521446 7.548698e-12 2.3659751 0.1283949 LSP
J0648.4-6941 102.1172 -69.6927 -inf PowerLaw 5712.7505 2.3489505e-15 1.8513602 2.9725844e-15 1.7931874 0.14426605 HSP
J0648.7+1516 102.1905 15.2808 0.179 PowerLaw 4960.086 5.724332e-14 1.7137479 6.142826e-14 1.6717292 0.034396246 HSP
J0649.3+2230 102.3396 22.5059 -inf PowerLaw 4542.7856 7.188575e-15 1.9379975 7.536645e-15 1.9197224 0.027587757 ""
J0649.5-3139 102.3945 -31.6573 -999.0 PowerLaw 6875.19 1.0390652e-14 1.6891153 1.3171788e-14 1.4837562 0.1614023 ""
J0650.2-1636 102.5717 -16.6012 -inf PowerLaw 984.15393 1.216485e-12 2.5915995 1.298967e-12 2.5770254 0.048058737 LSP
J0650.5-2851 102.629 -28.861 -inf LogParabola 784.3488 5.375192e-13 2.6003623 8.3618957e-13 2.5858843 0.3960371 LSP
J0650.7+2503 102.6986 25.0548 -999.0 LogParabola 1964.839 8.655308e-13 1.7406393 8.997512e-13 1.6804863 0.028598625 HSP
J0651.0+4013 102.7724 40.232 -inf PowerLaw 1943.6411 1.4750928e-13 2.0884168 1.6047722e-13 2.0310795 0.058366895 HSP
J0651.4+6525 102.8619 65.4233 -inf PowerLaw 2133.9492 7.24744e-14 2.069252 8.6100784e-14 1.9183105 0.15143535 ISP
J0651.5+7956 102.8887 79.9476 -inf PowerLaw 1042.3568 1.4131296e-13 2.5260327 9.028609e-14 2.8392568 -0.16309254 ""
J0652.1-4813 103.0402 -48.2211 -inf PowerLaw 2982.1426 1.7027802e-14 2.0444372 1.9883653e-14 1.9008181 0.1328031 HSP
J0652.5+1932 103.1448 19.5486 -inf PowerLaw 860.2677 4.4664123e-13 2.559495 6.299688e-13 2.1849737 0.49285403 ""
J0653.6+1636 103.4105 16.6106 0.065252 PowerLaw 2076.1448 9.2744436e-14 2.1794922 9.266044e-14 2.177628 -0.0003349382 ""
J0653.7+2815 103.4285 28.265 -inf LogParabola 1938.5614 1.4709096e-13 2.061109 1.9092003e-13 1.8071462 0.25654206 ""
J0654.0-4152 103.5235 -41.876 1.7e-05 PowerLaw 2998.8123 1.6130856e-14 2.0839167 1.4917438e-14 2.1121702 -0.043037936 ""
J0654.3+0923 103.578 9.3874 -inf PowerLaw 3035.5212 2.3529964e-14 2.1384141 2.4386026e-14 2.1307888 0.01787882 ""
J0654.3+5042 103.5962 50.7027 1.253 LogParabola 836.0568 2.3270867e-12 2.2269819 2.5298281e-12 2.1277342 0.080065094 LSP
J0654.4+4514 103.606 45.2446 0.928 LogParabola 908.70746 2.3099276e-12 2.2699974 2.4960695e-12 2.1830425 0.08025738 LSP
J0654.6-4952 103.6669 -49.868 -inf PowerLaw 1179.188 2.0171553e-13 2.386353 2.0908842e-13 2.378529 0.025414398 LSP
J0654.7+4246 103.6856 42.7791 0.126 PowerLaw 3486.431 2.703563e-14 2.0061262 3.021362e-14 1.9702522 0.06857232 LSP
J0655.4-2631 103.8659 -26.524 -inf PowerLaw 1945.0731 7.8759393e-14 2.1977448 1.04264735e-13 2.1344209 0.19555207 ""
J0656.3-0322 104.0765 -3.3686 0.634 LogParabola 840.8586 4.883028e-12 2.566331 6.474203e-12 2.542708 0.23889947 LSP
J0656.3+4235 104.0918 42.5936 0.059 PowerLaw 4437.3237 1.1675985e-14 1.9924095 1.3882933e-14 1.9672728 0.10418731 ISP
J0656.3-2404 104.097 -24.0682 0.371 PowerLaw 3834.7964 1.0634653e-14 2.0701969 1.0430275e-14 2.0777814 -0.00958816 HSP
J0658.1-5840 104.5389 -58.6719 0.421 PowerLaw 1958.845 5.3718575e-14 2.1988285 6.087385e-14 2.1658854 0.08109802 LSP
J0658.2+2709 104.5735 27.1501 -inf PowerLaw 1838.853 5.0127566e-14 2.244208 5.0621965e-14 2.2404904 0.0062153516 LSP
J0658.6+0636 104.6599 6.611 -inf PowerLaw 4207.967 1.8981766e-14 1.9789051 2.0080834e-14 1.9390367 0.034521833 ""
J0659.6-2742 104.9066 -27.7013 1.727 LogParabola 931.19653 6.693925e-13 2.458426 9.371808e-13 2.356899 0.3056935 LSP
J0659.6-6742 104.9243 -67.7123 -inf PowerLaw 8916.641 1.7205741e-15 1.697034 1.8450402e-15 1.6735004 0.028211229 HSP
J0659.9+1709 104.9847 17.1522 1.08 PowerLaw 888.7457 5.571076e-13 2.550457 5.7929974e-13 2.5174177 0.036247503 ""
J0700.1-6311 105.0499 -63.1863 -inf PowerLaw 3232.7205 2.2043041e-14 1.9842695 2.6711423e-14 1.8442812 0.15343203 ""
J0700.2+1304 105.075 13.0674 -999.0 PowerLaw 2884.7056 6.1383604e-14 1.9975685 6.9386256e-14 1.8805346 0.10146129 HSP
J0700.5-6610 105.1293 -66.1803 -999.0 LogParabola 962.5432 5.224029e-12 2.0771072 5.647926e-12 1.9639497 0.07777366 ISP
J0701.5+2511 105.3765 25.196 -inf PowerLaw 5257.5396 6.719147e-15 1.84568 6.4734315e-15 1.8710907 -0.020020206 ""
J0701.5-4634 105.3906 -46.5729 0.822 LogParabola 644.6907 5.030017e-12 2.4418776 5.9153546e-12 2.317082 0.16317452 LSP
J0702.7-1951 105.678 -19.8517 -inf LogParabola 1378.8029 1.1476288e-12 2.1299357 1.2670841e-12 2.014955 0.08907631 LSP
J0703.2+6809 105.8104 68.151 -inf PowerLaw 5165.0205 3.0305886e-15 1.9280173 3.3432816e-15 1.8800672 0.053240266 HSP
J0703.2-3914 105.8237 -39.2479 -999.0 PowerLaw 1989.8224 1.5323983e-13 2.1100152 1.6824763e-13 2.0607288 0.064293765 LSP
J0703.3-1042 105.8287 -10.7092 -inf PowerLaw 1103.8446 7.167973e-13 2.526093 7.4683906e-13 2.5261905 0.020054258 ""
J0703.3-0050 105.8367 -0.8436 -inf LogParabola 1553.2064 4.3379802e-13 2.2922554 5.4720654e-13 2.1893003 0.19652614 ISP
J0704.7+4508 106.1893 45.1358 -inf PowerLaw 1128.7317 1.8227517e-13 2.4458277 2.0825477e-13 2.4065542 0.095315725 LSP
J0704.8+4907 106.2067 49.1318 -inf LogParabola 782.7632 1.3020059e-12 2.4258637 1.5202748e-12 2.3209093 0.15302244 LSP
J0705.7-4848 106.4472 -48.8071 -inf LogParabola 1368.051 3.9601707e-13 2.3280687 4.825226e-13 2.2890303 0.16601129 ISP
J0705.9+5309 106.4933 53.1652 -inf PowerLaw 1700.1631 7.160348e-14 2.2219877 7.616116e-14 2.196393 0.0429185 LSP
J0706.1+0246 106.5454 2.7772 -999.0 PowerLaw 19356.787 7.056461e-16 1.5758928 7.245387e-16 1.5709372 0.010954219 ""
J0706.5+3744 106.63 37.7383 -999.0 LogParabola 1837.9581 3.1899803e-13 1.877181 3.445207e-13 1.7650634 0.06425413 HSP
J0706.8+7742 106.7249 77.7002 -999.0 LogParabola 1301.7501 6.21169e-13 2.038802 6.953398e-13 1.8605213 0.1188262 ISP
J0706.9+6109 106.7319 61.1595 -inf PowerLaw 1011.00433 4.1277192e-13 2.4077206 4.2135677e-13 2.3968608 0.0145479515 LSP
J0708.9+4839 107.2472 48.6558 0.01933 PowerLaw 7131.913 2.7217246e-15 1.7684165 3.3903044e-15 1.5932866 0.15156329 ""
J0709.0+4304 107.2562 43.0755 -inf PowerLaw 3472.8596 7.206572e-15 2.17513 7.0378735e-15 2.1820588 -0.010545644 ""
J0709.1+2241 107.2769 22.6847 -999.0 PowerLaw 1715.8583 3.306468e-13 2.06397 3.6451967e-13 1.9954886 0.06803973 ISP
J0709.2-1527 107.3095 -15.4512 0.142 PowerLaw 6311.3013 1.1142697e-14 1.8108231 1.3690815e-14 1.7398208 0.11490865 HSP
J0709.3+0540 107.3392 5.6788 -inf PowerLaw 2500.0117 5.980038e-14 2.0903466 6.7342745e-14 1.983323 0.09614666 ""
J0709.7-0255 107.4451 -2.9301 1.472 LogParabola 952.2149 2.9993198e-12 2.2852013 3.2548601e-12 2.2178845 0.069230996 LSP
J0710.4+5908 107.6234 59.1352 0.125 PowerLaw 4958.5244 2.3504055e-14 1.6887386 2.655895e-14 1.6177028 0.06098196 HSP
J0710.8-3851 107.7245 -38.8513 0.129 LogParabola 1085.0138 7.1833625e-13 2.4952297 8.740947e-13 2.5772088 0.17267835 LSP
J0710.9+4733 107.7323 47.553 1.292 PowerLaw 620.4443 1.6632078e-12 2.6701925 1.9703494e-12 2.6151938 0.15204066 LSP
J0712.4+5724 108.1247 57.4098 0.095 PowerLaw 8777.143 1.5872152e-15 1.8139148 1.7359885e-15 1.7611514 0.06205203 ""
J0712.5+3311 108.1476 33.1893 -inf PowerLaw 3197.9038 9.539478e-15 2.163435 8.946115e-15 0.41073748 0.9682316 ""
J0712.7+5033 108.1876 50.5506 0.502 PowerLaw 1185.6891 9.082432e-13 2.2007263 9.427693e-13 2.1831338 0.025395336 LSP
J0713.0+5738 108.2598 57.6345 -inf PowerLaw 956.3889 5.767681e-13 2.399722 6.512611e-13 2.3454578 0.0857405 ISP
J0713.5+2537 108.3756 25.6317 -inf PowerLaw 1642.4698 8.7321975e-14 2.1966488 1.0930729e-13 1.8612338 0.28293413 ""
J0713.8+1935 108.4647 19.5879 0.54 LogParabola 568.69257 7.422894e-12 2.3998811 8.1753345e-12 2.2723644 0.105609395 LSP
J0714.4+1110 108.621 11.1811 -inf PowerLaw 1742.062 7.199874e-14 2.2188337 8.4774235e-14 2.080246 0.15503119 ""
J0715.3-6828 108.8281 -68.4827 -inf PowerLaw 2102.3057 3.5013804e-14 2.27963 3.3379027e-14 2.3036897 -0.02778377 ""
J0715.6-4528 108.9168 -45.4784 -inf PowerLaw 1385.5936 2.1706785e-13 2.2775407 2.1503739e-13 2.279949 -0.0044904808 ISP
J0717.7-5519 109.4359 -55.3198 -inf PowerLaw 4866.993 7.6374445e-15 1.878888 1.2233567e-14 1.4816229 0.48054963 HSP
J0718.0+4536 109.5159 45.6163 0.94 LogParabola 667.2877 2.2280277e-12 2.4298928 2.7603334e-12 2.2478747 0.22014149 LSP
J0718.6-4319 109.6719 -43.3287 -999.0 LogParabola 1622.102 7.86067e-13 1.9314357 8.783321e-13 1.7910868 0.095819406 ISP
J0719.1-7055 109.78 -70.9268 -inf PowerLaw 3956.8662 1.0490461e-14 1.9951112 1.39582415e-14 1.8674561 0.21000212 ""
J0719.3+3307 109.84 33.1232 0.779 LogParabola 698.08716 9.204495e-12 2.2026818 1.02243864e-11 2.0822384 0.10308009 LSP
J0719.7-4012 109.9252 -40.2141 3.7e-05 PowerLaw 1616.9044 2.397787e-13 2.229771 2.6088547e-13 2.183676 0.060445186 ""
J0720.0-3507 110.0044 -35.1226 -inf PowerLaw 1048.1377 4.078706e-13 2.4986115 4.1697424e-13 2.4962997 0.011813702 LSP
J0720.0-6237 110.0183 -62.6173 -inf PowerLaw 227.4286 2.2702314e-11 3.1286788 2.7824097e-11 2.9670935 0.24381322 LSP
J0721.3-0222 110.3253 -2.3687 -inf PowerLaw 5019.128 8.066677e-15 1.8858697 8.1497275e-15 1.8862139 0.0035817416 ""
J0721.3+0405 110.3475 4.0914 0.665 LogParabola 468.61615 1.1109012e-11 2.5645173 1.2599961e-11 2.4364583 0.12854037 LSP
J0721.9+7120 110.4882 71.3405 -999.0 LogParabola 734.5862 4.457626e-11 2.0770001 4.7310638e-11 1.9861033 0.058142222 ISP
J0722.7+3606 110.6803 36.1137 0.365 PowerLaw 833.0782 4.2336805e-13 2.5519402 4.7594773e-13 2.481203 0.09699681 LSP
J0723.0-0732 110.7523 -7.5441 -inf PowerLaw 2425.1064 8.7664874e-14 2.1151142 9.2663765e-14 2.0862343 0.03444815 HSP
J0723.4+5841 110.856 58.6986 -inf PowerLaw 10321.824 7.76137e-16 1.622067 1.3551645e-15 0.914083 0.7145926 ""
J0723.5+2900 110.8852 29.0075 0.966 PowerLaw 585.6948 1.0244832e-12 2.67182 1.1667259e-12 2.5041084 0.1359282 LSP
J0723.7+2050 110.949 20.8373 -999.0 PowerLaw 4102.692 1.9332826e-14 1.8924843 1.7988496e-14 1.9383351 -0.03412593 HSP
J0725.2+1425 111.324 14.4212 1.038 LogParabola 545.0269 2.0454374e-11 2.2888758 2.1816882e-11 2.2034132 0.06522379 LSP
J0725.5+0216 111.3901 2.2749 -inf PowerLaw 2628.2563 8.001981e-14 2.022683 8.92928e-14 1.9496342 0.07669009 ""
J0725.5-0504 111.3911 -5.0747 -inf PowerLaw 5794.2295 5.9465995e-15 1.9653677 5.5495307e-15 1.9803907 -0.030276056 ""
J0725.6-3530 111.4194 -35.5009 -inf PowerLaw 3279.0947 1.8298561e-14 2.1925304 1.739271e-14 2.2204225 -0.032835294 ""
J0725.8-0054 111.4698 -0.9134 0.128 PowerLaw 2007.2438 2.4701546e-13 2.060088 2.3893542e-13 2.0800412 -0.019801999 LSP
J0726.1+8114 111.5495 81.2398 -inf PowerLaw 6141.781 1.9212937e-15 1.7980967 2.4132115e-15 1.7137603 0.15977167 ""
J0726.4-4727 111.6131 -47.4589 1.686 LogParabola 722.09735 3.1934715e-12 2.4785762 3.638779e-12 2.3887935 0.124917634 LSP
J0727.1+3734 111.7785 37.5719 0.57 PowerLaw 7152.0513 1.6921864e-15 1.8261045 2.2562084e-15 0.3656294 0.9994933 ISP
J0727.4+5325 111.8687 53.4307 -inf PowerLaw 767.0013 3.859957e-13 2.5979893 4.6279945e-13 2.4917343 0.158667 LSP
J0728.0+6735 112.0212 67.5991 0.846 PowerLaw 330.30646 6.749288e-12 3.0237944 7.1173033e-12 2.9930582 0.053948455 LSP
J0728.2+4827 112.0512 48.4594 -inf PowerLaw 1644.642 8.801091e-14 2.2484045 9.657442e-14 2.1966748 0.06658809 ISP
J0728.5+6128 112.1421 61.4796 -inf PowerLaw 537.21326 1.6451761e-12 2.6817625 1.9138653e-12 2.5449824 0.16177298 ""
J0729.1-3131 112.2819 -31.5261 -inf PowerLaw 1525.9163 1.573252e-13 2.3335998 1.7787276e-13 2.2607646 0.11832892 ""
J0729.1+5703 112.2857 57.0558 0.426 PowerLaw 877.7554 3.5211677e-13 2.5109274 3.9380866e-13 2.4389782 0.097055174 LSP
