4LAC_catalog_generator_v2/resulting_catalogs/agn_pop_4lac_dr2_with_z.ecsv
# %ECSV 1.0
# ---
# datatype:
# - {name: Source_Name, datatype: string}
# - {name: RAJ2000, datatype: float32}
# - {name: DEJ2000, datatype: float32}
# - {name: Redshift, datatype: float64}
# - {name: SpectrumType, datatype: string}
# - {name: Pivot_Energy, datatype: float32}
# - {name: PL_Flux_Density, datatype: float32}
# - {name: PL_Index, datatype: float32}
# - {name: LP_Flux_Density, datatype: float32}
# - {name: LP_Index, datatype: float32}
# - {name: LP_beta, datatype: float32}
# - {name: SED_class, datatype: string}
# schema: astropy-2.0
Source_Name RAJ2000 DEJ2000 Redshift SpectrumType Pivot_Energy PL_Flux_Density PL_Index LP_Flux_Density LP_Index LP_beta SED_class
[from data line 1501]
J2110.2-1021 317.5641 -10.3603 2.5004 PowerLaw 745.3656 5.669835e-13 2.5506694 6.9513536e-13 2.4610765 0.16409859 LSP
J2110.3+0808 317.576 8.1498 1.58 PowerLaw 1049.1078 5.908354e-13 2.396214 6.477823e-13 2.3534296 0.07094866 LSP
J2114.8+2831 318.7165 28.5222 2.345 PowerLaw 713.6991 1.0402476e-12 2.7117903 1.1886953e-12 2.6697237 0.122451 LSP
J2115.4+2932 318.8737 29.5456 1.514 LogParabola 839.3679 5.739071e-12 2.3304124 6.397568e-12 2.243468 0.10798415 LSP
J2115.9-0113 318.9959 -1.2306 0.305 PowerLaw 1951.9176 9.2081135e-14 2.1069314 1.0680611e-13 1.9985089 0.12743789 LSP
J2117.8-3243 319.4746 -32.7237 0.215276 PowerLaw 3559.7917 2.2474244e-14 2.029143 2.1455937e-14 2.0497117 -0.026123982 HSP
J2118.0+0019 319.5046 0.3295 0.463 PowerLaw 660.1004 7.604907e-13 2.5723736 1.0114536e-12 2.2461693 0.40655524 LSP
J2118.8-0723 319.7242 -7.3927 0.260015 PowerLaw 399.61365 2.7138684e-12 2.8200145 3.2181972e-12 2.75792 0.13960332 ISP
J2119.6-1105 319.9241 -11.091 1.844 PowerLaw 1159.5596 3.738054e-13 2.3651042 4.1071457e-13 2.3193328 0.07744583 LSP
J2120.6-1254 320.1536 -12.9097 0.582 PowerLaw 1325.1093 1.8851747e-13 2.3361971 2.0446802e-13 2.311099 0.060076702 ""
J2120.6-6114 320.161 -61.2396 1.017 PowerLaw 1521.2028 6.778058e-14 2.2919993 8.3032e-14 2.1482735 0.19195399 LSP
J2121.0+1901 320.2598 19.0324 2.18 LogParabola 878.28613 3.4449147e-12 2.2199636 3.6702546e-12 2.155681 0.05739683 LSP
J2123.6+0535 320.9206 5.592 1.941 PowerLaw 1027.3341 5.561709e-13 2.389792 5.7459126e-13 2.3815346 0.01996011 LSP
J2126.3-4605 321.5948 -46.0978 1.67 PowerLaw 566.90015 5.3516575e-12 2.5543292 5.6165354e-12 2.532166 0.04162718 LSP
J2127.6-5959 321.9209 -59.9876 0.005784 PowerLaw 4028.4126 7.449253e-15 1.902034 9.580879e-15 1.7785653 0.15441829 ""
J2130.2-7320 322.5524 -73.3348 0.056502 PowerLaw 2201.2087 2.6401765e-14 2.1528776 3.521281e-14 1.827418 0.32094494 HSP
J2131.5-0916 322.8911 -9.2684 0.449 PowerLaw 2342.9158 1.1957334e-13 1.9888407 1.2014355e-13 1.9852124 0.0027603202 HSP
J2134.2-0154 323.5699 -1.9042 1.283 PowerLaw 1049.1182 1.2600635e-12 2.2952821 1.3456799e-12 2.2584307 0.054509122 LSP
J2135.3-5006 323.8362 -50.1015 2.181 PowerLaw 728.4928 2.6390559e-12 2.430213 2.8807193e-12 2.3942316 0.073419295 LSP
J2136.2+0032 324.0616 0.5488 1.941 PowerLaw 330.17276 8.984416e-12 2.8774724 1.1029833e-11 2.7511673 0.22343414 ""
J2136.2-0642 324.0709 -6.7163 0.939939 PowerLaw 940.645 2.431059e-13 2.5245962 2.4056977e-13 2.5263762 -0.004013938 LSP
J2138.8-2055 324.7068 -20.9246 0.29 PowerLaw 5730.803 4.9909146e-15 1.7632864 6.576347e-15 1.5582322 0.20957156 ""
J2141.8-3727 325.4622 -37.4545 0.423 PowerLaw 547.8797 3.3453297e-12 2.6226625 3.4450502e-12 2.6084096 0.025845548 LSP
J2142.7-0437 325.6934 -4.6241 0.344 PowerLaw 1578.1613 9.114226e-14 2.29698 9.6519465e-14 2.2453828 0.04625398 LSP
J2143.0-5501 325.7596 -55.0294 1.92 LogParabola 281.75317 6.411824e-12 3.0115697 1.1277173e-11 2.939993 0.9999516 LSP
J2143.1-3929 325.7931 -39.4882 0.429 PowerLaw 1680.1906 1.790733e-13 2.1389253 1.7747938e-13 2.1448662 -0.005878216 HSP
J2143.5+1743 325.8942 17.7306 0.211 LogParabola 400.9361 7.081407e-11 2.4942126 7.340778e-11 2.450429 0.037897635 LSP
J2144.3-7802 326.0853 -78.0344 0.732 PowerLaw 315.09918 6.614633e-12 3.060905 7.75204e-12 2.7829688 0.25075087 LSP
J2145.0-3356 326.2533 -33.9439 1.36 LogParabola 638.76965 4.7805718e-12 2.2998946 5.3160406e-12 2.1636589 0.11776898 LSP
J2145.5+1006 326.38 10.1159 2.82632 PowerLaw 7811.3115 2.1377943e-15 1.7872863 2.4903948e-15 1.709229 0.09196067 ISP
J2145.7+0718 326.4447 7.31 0.237 PowerLaw 3721.5164 1.6010512e-14 2.0777965 1.5544877e-14 2.1022873 -0.020959003 LSP
J2146.4-1528 326.621 -15.4757 0.698 PowerLaw 424.56363 4.1630523e-12 2.7959394 4.8137744e-12 2.7249594 0.12373644 LSP
J2147.1+0931 326.7829 9.5181 1.113 LogParabola 406.0018 2.6530833e-11 2.5378983 2.9018279e-11 2.4323835 0.09991396 LSP
J2147.3-7536 326.8268 -75.6024 1.138 LogParabola 489.19943 3.6459676e-11 2.44087 3.883529e-11 2.3662047 0.06735417 LSP
J2148.6+0652 327.1634 6.8791 0.99 LogParabola 436.9419 4.668064e-12 2.8035858 5.8906153e-12 2.6575513 0.24035425 LSP
J2148.9-0121 327.2346 -1.3574 0.20333 PowerLaw 1974.4224 3.9214004e-14 2.3119721 3.338337e-14 2.3412802 -0.08256178 ""
J2150.1-1410 327.5389 -14.1783 0.229 PowerLaw 4536.76 1.9660123e-14 1.7779857 2.4269647e-14 1.6083375 0.14216752 ISP
J2150.7-1750 327.6935 -17.8339 0.1855 PowerLaw 705.5822 8.9158916e-13 2.5493522 9.294017e-13 2.524561 0.030924302 ISP
J2150.7-2810 327.6984 -28.1728 0.865 PowerLaw 3318.9258 1.0089845e-14 2.1577048 1.2504794e-14 2.1433206 0.1625797 LSP
J2150.8+1118 327.7033 11.3149 0.494635 PowerLaw 2778.8396 2.435761e-14 2.082938 2.5713577e-14 2.0147858 0.043940652 ISP
J2151.7-2749 327.9251 -27.8234 1.485 PowerLaw 636.6607 7.7573587e-13 2.7142756 1.0414333e-12 2.169514 0.5326179 LSP
J2151.8-3027 327.9655 -30.46 2.345 LogParabola 306.51944 6.607171e-11 2.8536994 7.81406e-11 2.7489495 0.18507347 LSP
J2152.0-1205 328.0235 -12.0919 0.121 PowerLaw 3197.258 2.000322e-14 2.0671723 2.5091782e-14 1.884256 0.21194665 ISP
J2152.5+1737 328.137 17.6173 0.874 PowerLaw 2037.6812 3.892362e-14 2.2703016 4.075297e-14 2.2369971 0.036048003 LSP
J2153.1-0041 328.2823 -0.6927 0.341 PowerLaw 7707.887 3.4525057e-15 1.7906743 3.5060009e-15 1.7851553 0.005923538 ISP
J2153.8-1137 328.4609 -11.6306 1.582 PowerLaw 639.9185 3.2022926e-12 2.5523343 3.473456e-12 2.527043 0.062999584 LSP
J2156.0-6942 329.025 -69.7067 0.028273 PowerLaw 451.06723 2.6457207e-12 2.8735485 3.8491484e-12 2.695446 0.3278774 LSP
J2156.3-0036 329.0797 -0.6039 0.495 PowerLaw 1469.8553 2.502077e-13 2.249129 2.611534e-13 2.2324665 0.027355049 LSP
J2156.9-0854 329.2334 -8.9052 1.017 PowerLaw 2107.1067 6.318999e-14 2.0869882 7.793376e-14 1.805284 0.22111155 ISP
J2157.5+3127 329.3862 31.4552 1.486 LogParabola 681.8274 8.803042e-12 2.3106365 1.0055668e-11 2.171424 0.13661751 LSP
J2158.1-1501 329.5275 -15.0237 0.672 PowerLaw 1245.6863 6.798464e-13 2.1813343 7.4549297e-13 2.13659 0.06865483 LSP
J2158.8-3013 329.7141 -30.2251 0.116 LogParabola 1118.6427 1.3734627e-11 1.8506614 1.4364525e-11 1.7667894 0.04096861 HSP
J2159.1-2840 329.7854 -28.6826 0.27 PowerLaw 3402.614 3.5637922e-14 1.8783028 4.4240494e-14 1.7022367 0.15895827 HSP
J2200.3+1029 330.0887 10.4956 0.172 PowerLaw 794.79 5.680479e-13 2.5493205 5.89858e-13 2.5358047 0.030023538 LSP
J2201.5-8339 330.3787 -83.6631 1.865 LogParabola 776.15546 4.3594065e-12 2.5543993 5.004986e-12 2.4912996 0.14832652 LSP
J2201.8+5048 330.4532 50.8053 1.899 LogParabola 482.3066 3.492109e-11 2.6604488 4.0327276e-11 2.5626822 0.14222075 LSP
J2202.7+4216 330.6946 42.2821 0.069 LogParabola 796.1543 4.4189936e-11 2.202462 4.7718027e-11 2.143189 0.060223952 LSP
J2202.7-5637 330.6995 -56.6318 0.0489 PowerLaw 4009.2952 7.501758e-15 1.8837754 8.423801e-15 1.8076575 0.07208805 ""
J2203.4+1725 330.8721 17.4318 1.076 LogParabola 599.671 1.1753846e-11 2.3208747 1.2618176e-11 2.2314465 0.074738406 LSP
J2204.3+0438 331.0832 4.6401 0.027 PowerLaw 1052.8583 4.6303103e-13 2.3812492 5.3858675e-13 2.3347106 0.12412771 ISP
J2204.5+3634 331.1421 36.5688 0.073 PowerLaw 3076.997 1.4377317e-14 2.2258303 1.3203382e-14 2.206579 -0.03809857 ""
J2206.8-0032 331.7087 -0.5461 1.053 PowerLaw 1226.0636 6.9395824e-13 2.247336 7.6091574e-13 2.1881096 0.07689807 LSP
J2207.5-5346 331.8922 -53.7719 1.215 PowerLaw 741.5223 1.8749798e-12 2.4354997 1.9461216e-12 2.4141512 0.030246938 LSP
J2209.7-0451 332.4382 -4.8597 0.3967 PowerLaw 4643.6963 1.4829443e-14 1.8560591 1.3401811e-14 1.8916156 -0.040185597 ""
J2211.0-0003 332.7625 -0.0635 0.362 PowerLaw 3556.0847 1.6805127e-14 1.9540116 1.9620448e-14 1.8321719 0.10644367 ISP
J2211.2-1325 332.8168 -13.4189 0.392 PowerLaw 475.1321 3.1838497e-12 2.7245994 3.3749533e-12 2.6999023 0.04862987 LSP
J2212.0+2356 333.0191 23.9334 1.125 LogParabola 1018.6856 1.3460773e-12 2.2121663 1.5014053e-12 2.1189156 0.09682817 LSP
J2212.8+0647 333.2143 6.7864 1.12 PowerLaw 894.34235 8.257508e-13 2.486292 1.0852962e-12 2.4282677 0.15211463 LSP
J2212.9-2526 333.2261 -25.4335 1.833 PowerLaw 1123.3673 5.2468544e-13 2.2551353 6.0937724e-13 2.1583288 0.12756987 LSP
J2216.8+3103 334.2024 31.059 2.462 PowerLaw 836.70734 4.7249184e-13 2.5769367 6.0787497e-13 2.4671595 0.22236349 ""
J2216.9+2421 334.238 24.3575 0.505 PowerLaw 1223.245 5.56438e-13 2.284452 5.971801e-13 2.2390933 0.055580407 LSP
J2219.2+1806 334.8127 18.1026 1.071 LogParabola 779.6567 3.0324567e-12 2.2830312 3.2745271e-12 2.1778576 0.083628595 LSP
J2219.2-0342 334.8235 -3.7102 0.901 PowerLaw 506.0743 3.4920185e-12 2.6821742 3.9625616e-12 2.619525 0.126423 LSP
J2220.5+2813 335.1419 28.2322 0.148 PowerLaw 3148.9988 2.5177565e-14 1.9862988 2.6931655e-14 1.940159 0.041228075 HSP
J2221.9-3504 335.497 -35.0712 0.298 PowerLaw 515.8387 1.2397008e-12 2.676793 1.5292058e-12 2.561504 0.23453373 ""
J2224.0-1127 336.0241 -11.4658 0.115 PowerLaw 2782.9873 2.137385e-14 2.1059427 3.1365152e-14 1.8506451 0.3867253 LSP
J2225.5-1114 336.3957 -11.2422 0.997 PowerLaw 1719.7917 8.290319e-14 2.2698958 9.964534e-14 1.4532145 0.56898236 LSP
J2225.6+2120 336.4136 21.3418 1.959 PowerLaw 462.6347 3.284286e-12 2.8110652 4.117391e-12 2.6508265 0.28065735 LSP
J2225.7-0457 336.4321 -4.9537 1.404 PowerLaw 773.47784 2.7142277e-12 2.4254725 2.9634285e-12 2.3724704 0.07936614 LSP
J2226.8+0051 336.7125 0.8622 2.262 PowerLaw 782.9785 7.768273e-13 2.5434813 1.1672406e-12 2.5344553 0.23811914 LSP
J2227.9-3031 336.981 -30.5174 0.056015 PowerLaw 3015.7788 1.2116462e-14 1.9772774 1.2181965e-14 1.9725158 0.0030775873 ""
J2227.9+0036 336.9843 0.6166 2.145 LogParabola 2476.6636 1.3438287e-13 2.0423825 1.5612968e-13 1.9566466 0.12702918 ISP
J2228.6-1636 337.1659 -16.6073 0.525 PowerLaw 2180.5054 6.422662e-14 2.0575008 6.6639416e-14 2.0310411 0.02482658 ISP
J2229.7-0832 337.4258 -8.5447 1.56 LogParabola 331.3482 7.507135e-11 2.5872872 8.119097e-11 2.4733105 0.099101566 LSP
J2231.0-4416 337.758 -44.2791 1.326 PowerLaw 745.25604 1.3039996e-12 2.42652 1.3828577e-12 2.4025056 0.048072167 LSP
J2232.6+1143 338.1525 11.7306 1.037 LogParabola 531.2503 2.5248975e-10 2.2865994 2.7841393e-10 2.1985357 0.08347527 LSP
J2232.6-2023 338.1725 -20.3909 0.386 PowerLaw 3291.5806 1.7472926e-14 2.006182 1.4655994e-14 2.102592 -0.076465994 ""
J2232.8+1334 338.2245 13.5764 0.214 PowerLaw 6821.9385 2.4291924e-15 1.7825739 2.9480971e-15 1.6677496 0.12092993 HSP
J2235.3-4836 338.8409 -48.6015 0.51 PowerLaw 613.22986 3.863589e-12 2.510891 3.974333e-12 2.501189 0.022354703 LSP
J2236.2-1706 339.0648 -17.1066 0.647 PowerLaw 1398.3176 2.1997512e-13 2.2252872 2.2983828e-13 2.2011094 0.029026479 LSP
J2236.3+2828 339.0962 28.4832 0.79 LogParabola 575.39124 2.0254399e-11 2.2683668 2.2384468e-11 2.145769 0.10456762 LSP
J2236.6+3706 339.1608 37.1028 0.235 PowerLaw 8074.8936 2.2516082e-15 1.7871314 2.3438156e-15 1.7647426 0.024182556 ""
J2237.0-3921 339.2686 -39.357 0.297 PowerLaw 949.90436 5.7682326e-13 2.38055 6.319972e-13 2.323634 0.083886735 LSP
J2239.2-5657 339.8073 -56.951 0.569 PowerLaw 1208.5863 8.4683915e-14 2.2719483 1.00597136e-13 1.8981663 0.25437272 ""
J2241.2+4120 340.3087 41.3396 0.52 PowerLaw 1930.1807 1.4118356e-13 2.302726 1.4065475e-13 2.3037343 -0.0029219359 LSP
J2243.4-2544 340.8654 -25.7363 0.774 LogParabola 1190.7849 1.3046649e-12 2.1290257 1.4765608e-12 1.9986957 0.13093722 LSP
J2244.2+4057 341.0614 40.9597 1.171 LogParabola 1029.1948 7.1667897e-12 2.118561 8.060202e-12 2.0258422 0.09648464 LSP
J2244.6+2502 341.1651 25.0395 0.65 PowerLaw 2010.9736 5.376447e-14 2.1605945 6.7734345e-14 1.8086939 0.2960791 ISP
J2244.9-0007 341.238 -0.119 0.7 PowerLaw 1967.0869 4.551539e-14 2.3145514 4.5927217e-14 2.3050606 0.008051351 HSP
J2245.9+1544 341.4913 15.7479 0.5965 PowerLaw 3327.9377 5.1694526e-14 1.9640502 5.700859e-14 1.8819261 0.07561085 ISP
J2246.7-5207 341.6825 -52.126 0.194 PowerLaw 6892.296 4.0693593e-15 1.7092375 4.7002964e-15 1.6278749 0.07564012 HSP
J2247.4-0001 341.867 -0.0263 0.949 PowerLaw 2554.6091 8.6559916e-14 2.0609462 9.424536e-14 1.9898608 0.068986796 LSP
J2247.5-3700 341.8965 -37.0043 2.252 PowerLaw 1143.9967 9.1809474e-14 2.4237442 1.0222302e-13 2.3258915 0.10945793 LSP
J2248.7-3235 342.1928 -32.5926 2.268 PowerLaw 446.75266 4.211445e-12 2.7611105 4.385321e-12 2.735675 0.037863344 LSP
J2248.9+2106 342.2461 21.1159 1.274 PowerLaw 1432.0878 1.7568779e-13 2.298017 1.9210947e-13 2.214774 0.07849073 LSP
J2249.4-1300 342.3564 -13.0006 0.5 PowerLaw 3478.8186 5.757497e-14 2.4080572 5.3261333e-14 2.3676658 -0.03385422 ""
J2250.0+3825 342.5142 38.4247 0.119 PowerLaw 5054.9014 3.065751e-14 1.7325429 3.182871e-14 1.713293 0.017218923 HSP
J2250.4-4206 342.6062 -42.1095 0.119 PowerLaw 1783.0431 1.3117393e-13 2.086344 1.3215161e-13 2.0824473 0.004221038 ISP
J2250.4+1748 342.6181 17.8134 0.344 PowerLaw 1223.4978 2.7558446e-13 2.6504962 2.7214003e-13 2.660195 -0.012000559 ""
J2250.7-2806 342.6903 -28.1114 0.525 LogParabola 884.5478 3.798567e-12 2.182358 4.101217e-12 2.0485015 0.09523596 LSP
J2251.7-3208 342.9436 -32.1396 0.246 PowerLaw 5817.802 4.2227184e-15 1.7859571 4.23105e-15 1.7795873 0.002871017 HSP
J2252.0+4031 343.0098 40.5232 0.229 PowerLaw 2181.245 2.0928556e-13 2.0518248 2.2125146e-13 2.0072346 0.03950261 ""
J2252.6+1245 343.1676 12.7543 0.496476 PowerLaw 3952.3955 8.63386e-15 1.9442785 1.0713881e-14 1.9361018 0.11333317 ISP
J2253.3+3233 343.3365 32.5583 0.2566 PowerLaw 1838.5352 4.8488977e-14 2.3030486 4.768077e-14 2.304542 -0.008184917 LSP
J2253.7+1405 343.4483 14.091 0.327 PowerLaw 4118.718 1.2245006e-14 1.9587755 1.4782173e-14 1.8936546 0.12553369 ""
J2253.9+1609 343.4963 16.1506 0.859 LogParabola 232.35162 3.8585344e-09 2.396776 3.874912e-09 2.1620116 0.10028907 LSP
J2254.8-2725 343.718 -27.4171 0.333 PowerLaw 4538.2188 1.7059877e-14 2.0121315 1.7408689e-14 1.9967147 0.01524907 ISP
J2256.0-2740 344.0247 -27.6739 1.751 PowerLaw 238.38518 5.0604333e-11 3.0227165 5.27599e-11 3.0076323 0.01818693 LSP
J2257.5+0748 344.3874 7.8014 0.19 PowerLaw 1195.3269 1.5210363e-13 2.4090753 1.7359504e-13 2.3139272 0.11794364 LSP
J2258.1-2759 344.5288 -27.9843 0.926 LogParabola 778.2614 8.7463535e-12 2.4142509 1.0112491e-11 2.287364 0.19794534 LSP
J2258.4-5524 344.6031 -55.4104 0.479 PowerLaw 1585.3125 1.3312066e-13 2.2095616 1.2140927e-13 2.2695377 -0.055964757 HSP
J2259.7-3549 344.9296 -35.8199 0.753 PowerLaw 1381.0701 1.6269802e-13 2.2787406 1.5789755e-13 2.2995436 -0.020134674 LSP
J2300.7-2645 345.1823 -26.7502 1.476 PowerLaw 1367.4001 1.0724839e-13 2.4053926 1.3911046e-13 2.0513873 0.3953912 LSP
J2301.0-0158 345.2627 -1.9758 0.778 LogParabola 522.6665 5.872137e-12 2.4443276 6.4864242e-12 2.31649 0.107352585 LSP
J2302.8-1841 345.7152 -18.6985 0.128929 PowerLaw 1663.9379 8.435601e-14 2.1822846 9.060638e-14 2.1116092 0.057021853 LSP
J2304.3+0618 346.0776 6.3071 1.268 PowerLaw 800.78876 4.761224e-13 2.5304153 5.886204e-13 2.3722997 0.22875308 LSP
J2307.4-1206 346.8643 -12.1126 0.47 PowerLaw 4457.963 6.48721e-15 1.9404066 6.2350917e-15 1.9540988 -0.01811546 HSP
J2307.6+1451 346.9222 14.8644 0.503 PowerLaw 1928.0463 1.11484186e-13 2.1837938 1.4334454e-13 1.9933592 0.21933112 LSP
J2311.0+3425 347.7682 34.4223 1.817 LogParabola 511.29083 2.6228256e-11 2.3505638 2.8659887e-11 2.2398775 0.09511382 LSP
J2311.7+2604 347.9308 26.0831 1.747 PowerLaw 1012.8824 4.4226165e-13 2.4288337 4.728799e-13 2.3914337 0.05039888 LSP
J2311.8+4541 347.9614 45.6908 1.447 PowerLaw 679.4091 7.7274813e-13 2.636568 9.372973e-13 2.561014 0.15329392 LSP
J2313.9-4501 348.4922 -45.0201 2.884 PowerLaw 378.00082 4.395013e-12 2.91682 4.515163e-12 2.9102445 0.019372448 LSP
J2314.0+1445 348.5081 14.7532 0.164 PowerLaw 3605.6663 4.6301044e-14 1.8546488 5.163395e-14 1.7964134 0.06059147 HSP
J2315.6-5018 348.914 -50.3127 0.811 PowerLaw 1097.5338 3.5498934e-13 2.395477 3.4949908e-13 2.4132683 -0.014286332 LSP
J2316.9-5210 349.2458 -52.167 0.646 PowerLaw 3512.6987 1.1676309e-14 1.942271 1.33578654e-14 1.7270035 0.121000126 ""
