4LAC_catalog_generator_v2/resulting_catalogs/agn_pop_4lac_dr2_with_z.ecsv
# %ECSV 1.0
# ---
# datatype:
# - {name: Source_Name, datatype: string}
# - {name: RAJ2000, datatype: float32}
# - {name: DEJ2000, datatype: float32}
# - {name: Redshift, datatype: float64}
# - {name: SpectrumType, datatype: string}
# - {name: Pivot_Energy, datatype: float32}
# - {name: PL_Flux_Density, datatype: float32}
# - {name: PL_Index, datatype: float32}
# - {name: LP_Flux_Density, datatype: float32}
# - {name: LP_Index, datatype: float32}
# - {name: LP_beta, datatype: float32}
# - {name: SED_class, datatype: string}
# schema: astropy-2.0
Source_Name RAJ2000 DEJ2000 Redshift SpectrumType Pivot_Energy PL_Flux_Density PL_Index LP_Flux_Density LP_Index LP_beta SED_class
[from data line 685]
J0950.2+4553 147.5649 45.8863 0.399 PowerLaw 2322.984 7.604348e-14 1.98742 7.7745936e-14 1.967426 0.015197152 LSP
J0952.1+3932 148.047 39.535 0.7 PowerLaw 6429.4863 2.752911e-15 1.7235255 3.746112e-15 1.4948274 0.22244285 ""
J0952.2+7503 148.0627 75.0555 0.181 PowerLaw 14740.214 6.5443645e-16 1.492666 9.820829e-16 1.1393194 0.32362914 HSP
J0952.8+0712 148.2194 7.2141 0.435 PowerLaw 3000.1687 1.9907456e-14 1.9850639 2.77331e-14 1.8927968 0.24912994 ISP
J0955.1+3551 148.7816 35.8584 0.834 PowerLaw 4047.2095 5.559533e-15 1.8932385 5.879029e-15 1.8794297 0.025108218 ISP
J0956.0+3936 149.008 39.6055 1.17301 PowerLaw 1205.3954 1.3490409e-13 2.3936982 1.436186e-13 2.352644 0.05256118 LSP
J0956.5-0958 149.1351 -9.9685 0.161 PowerLaw 6856.058 2.291578e-15 1.7810593 3.294305e-15 1.3355638 0.38114205 HSP
J0956.7+2516 149.1761 25.2817 0.708 PowerLaw 583.9119 4.1118016e-12 2.5470033 4.5560123e-12 2.4878104 0.09527304 LSP
J0957.3-1348 149.3314 -13.8141 1.323 LogParabola 562.0547 3.5698016e-12 2.4667234 4.1469423e-12 2.3099782 0.15527418 LSP
J0957.6+5523 149.4161 55.3838 0.896 LogParabola 797.65515 1.551972e-11 2.014449 1.6918317e-11 1.9002404 0.07828678 LSP
J0957.8+3423 149.4707 34.3975 1.810252 PowerLaw 1466.3428 1.4647166e-13 2.1642168 1.7585626e-13 2.0552905 0.1618911 LSP
J0958.0+4728 149.509 47.4675 1.882 LogParabola 486.27548 5.776229e-12 2.5903063 6.826669e-12 2.365307 0.25384784 LSP
J0958.0-0319 149.5102 -3.3258 0.6 PowerLaw 10921.653 9.434303e-16 1.6356702 1.4198308e-15 0.5182172 0.80290496 ""
J0958.0+3222 149.5219 32.369 0.5306 PowerLaw 584.3661 1.264027e-12 2.6364586 1.3656989e-12 2.6082382 0.06602776 LSP
J0958.4+5042 149.6057 50.7 1.154 PowerLaw 574.374 1.2352213e-12 2.6630707 1.3128541e-12 2.622904 0.05751894 LSP
J0959.4+2120 149.8712 21.3459 0.365 PowerLaw 2050.4783 5.7930304e-14 2.1803043 5.6715622e-14 2.1896024 -0.01347196 ISP
J1001.1+2911 150.2938 29.188 0.558 PowerLaw 960.069 1.0098315e-12 2.268772 1.092267e-12 2.2363963 0.060373764 LSP
J1002.5+2215 150.6482 22.2598 0.55 PowerLaw 4062.272 1.6248421e-14 1.9066331 1.6888882e-14 1.8682024 0.026947672 HSP
J1002.8+2140 150.7099 21.6683 1.452 PowerLaw 2229.0503 2.2096948e-14 2.2736506 2.0667016e-14 2.3246984 -0.04433795 LSP
J1003.4+0205 150.8627 2.0877 2.075 PowerLaw 2852.862 1.8641716e-14 2.027694 2.078131e-14 1.9649792 0.06586265 ISP
J1003.6+2605 150.912 26.0988 0.9295 PowerLaw 1422.2672 1.3370106e-13 2.2802763 1.560236e-13 2.1973019 0.14220092 LSP
J1006.5+6440 151.6251 64.6762 0.56 PowerLaw 4837.7886 6.2907278e-15 1.8699566 4.5471753e-15 2.08253 -0.1243442 ISP
J1006.7-2159 151.6931 -21.991 0.33 LogParabola 507.07816 1.45129065e-11 2.3508947 1.5222629e-11 2.2939613 0.04599111 LSP
J1007.0+3455 151.7602 34.9213 0.612 PowerLaw 3709.1895 1.7689294e-14 1.8178864 2.1633689e-14 1.6858858 0.1328481 ISP
J1007.6-3332 151.9117 -33.5432 1.837 LogParabola 619.0989 5.1147376e-12 2.4404888 6.1865166e-12 2.2797532 0.20302288 LSP
J1008.0+0620 152.0136 6.3475 0.65 PowerLaw 1355.6901 6.323228e-13 2.1894977 6.7307607e-13 2.1573095 0.047021206 LSP
J1008.0+0028 152.0207 0.4791 0.0979 PowerLaw 1478.2167 1.6586439e-13 2.251705 1.8643015e-13 2.1437435 0.10794947 ISP
J1008.1+4706 152.0359 47.112 0.343 PowerLaw 10169.925 6.7686985e-16 1.5488837 1.1527175e-15 0.34092906 0.9845035 ""
J1008.8-3139 152.2059 -31.6612 0.534 PowerLaw 1473.4592 2.1985015e-13 2.3100007 2.341635e-13 2.2963192 0.043332692 LSP
J1010.2-3119 152.5716 -31.3207 0.142639 PowerLaw 5748.9272 2.2052825e-14 1.7635767 2.2835595e-14 1.7429534 0.018382834 HSP
J1010.8-0158 152.7038 -1.9817 0.896 PowerLaw 742.8421 9.399362e-13 2.535405 9.947797e-13 2.5036159 0.045516036 LSP
J1011.3-0427 152.8253 -4.4577 1.588 PowerLaw 780.63306 3.183253e-13 2.557727 4.2589432e-13 2.3530257 0.30114838 LSP
J1012.3+0629 153.0813 6.4959 0.727 LogParabola 1400.7539 5.1587196e-13 2.0928154 5.651369e-13 1.9735092 0.09335284 LSP
J1012.7+4228 153.1939 42.4823 0.365 PowerLaw 3941.0225 1.9075599e-14 1.8004951 2.0111149e-14 1.7544969 0.03128884 ISP
J1012.7+2439 153.1989 24.6638 1.805 LogParabola 618.65906 7.678195e-12 2.3138714 8.684836e-12 2.1690695 0.13671072 LSP
J1013.7+3444 153.4487 34.7384 0.208 PowerLaw 694.80426 1.1622236e-12 2.5914874 1.312787e-12 2.5165987 0.12838916 LSP
J1014.7+3210 153.6846 32.1733 0.315 PowerLaw 3771.8628 8.338532e-15 1.8995547 1.1648634e-14 1.4208552 0.3816684 LSP
J1014.8+2257 153.7159 22.9545 0.566 PowerLaw 428.24545 4.396864e-12 2.789927 4.763402e-12 2.752329 0.0760694 LSP
J1015.0+4926 153.768 49.4336 0.212 LogParabola 1022.41956 6.632108e-12 1.8372793 6.9651763e-12 1.7495568 0.042783048 HSP
J1015.6+5553 153.9105 55.8893 0.677 PowerLaw 746.9271 7.3057267e-13 2.5471208 8.271402e-13 2.4780502 0.11953916 LSP
J1016.0+0512 154.0093 5.2089 1.71272 PowerLaw 1475.4374 6.1812453e-13 2.223479 6.297591e-13 2.2187414 0.013987668 LSP
J1017.3+5204 154.3484 52.0726 0.379 PowerLaw 4129.5376 5.8747783e-15 1.8617343 8.336565e-15 1.6524795 0.3244819 ISP
J1018.3-3124 154.5913 -31.4032 0.794 LogParabola 584.10205 5.9444936e-12 2.5441039 6.8679003e-12 2.4610314 0.14595068 LSP
J1018.4+3540 154.6072 35.6802 1.228 PowerLaw 655.32764 1.7986774e-12 2.5900664 1.9920608e-12 2.5350103 0.10633356 LSP
J1018.4+0528 154.6172 5.4702 1.945255 PowerLaw 1953.9995 9.961048e-14 2.2835557 1.109797e-13 2.3075879 0.09632201 LSP
J1018.9+1043 154.74 10.7299 0.659974 PowerLaw 297.77728 5.573427e-12 2.9940772 6.1849783e-12 2.839514 0.11375285 ""
J1021.1+1626 155.2862 16.4378 0.556 PowerLaw 4516.1606 5.720826e-15 1.931059 6.0473176e-15 1.8672497 0.042598817 HSP
J1021.9+5123 155.4937 51.3868 0.142 PowerLaw 2639.65 1.071018e-14 2.091565 1.5668405e-14 1.3521849 0.64696926 ISP
J1023.1+3949 155.7885 39.8226 1.3328 LogParabola 520.31964 9.011427e-12 2.3742175 9.887673e-12 2.2504764 0.107693106 LSP
J1023.2+2859 155.8193 28.9842 0.667572 PowerLaw 582.76184 1.0123196e-12 2.6320763 1.2573992e-12 2.4322977 0.24411573 LSP
J1023.8+3002 155.9608 30.0458 0.433 PowerLaw 5162.894 5.5831126e-15 1.8604847 5.5873423e-15 1.8566762 0.00374502 HSP
J1023.9-3236 155.9964 -32.6034 1.568 LogParabola 638.27655 3.2292424e-12 2.5032349 3.6224957e-12 2.418935 0.11058201 LSP
J1024.8+2332 156.2101 23.5462 0.164653 PowerLaw 943.0238 4.6184785e-13 2.4425993 4.6513216e-13 2.4373996 0.006494142 LSP
J1026.9+0608 156.7322 6.1431 0.449 PowerLaw 8408.052 2.6954814e-15 1.6887581 2.8425911e-15 1.6602246 0.024525555 ""
J1026.9-1749 156.7424 -17.8218 0.266888 PowerLaw 2127.4275 2.730508e-13 1.948102 2.870527e-13 1.9124869 0.030448355 HSP
J1027.2+7427 156.8121 74.4524 0.879 PowerLaw 1226.5697 6.515022e-13 2.4190977 7.1485894e-13 2.404088 0.08418696 LSP
J1027.6+6317 156.9005 63.2902 0.582 PowerLaw 2763.8708 4.74514e-14 1.9627528 5.0854046e-14 1.8954191 0.052111115 HSP
J1027.6+1828 156.9191 18.4815 0.435 PowerLaw 775.0214 5.9778923e-13 2.5613186 5.514203e-13 2.6041439 -0.052569345 LSP
J1027.9+0252 156.9852 2.8785 0.715 PowerLaw 374.4363 3.9927506e-12 2.9590304 3.5984878e-12 2.9949675 -0.082191795 LSP
J1028.3+3108 157.0771 31.1389 0.2403 PowerLaw 1827.7504 4.5719068e-14 2.2343707 4.324625e-14 2.2457683 -0.023174975 ISP
J1028.4-0234 157.1213 -2.5829 0.476 PowerLaw 603.6649 1.5818349e-12 2.6134722 1.7487061e-12 2.5611715 0.08074424 LSP
J1031.1+7442 157.7925 74.7019 0.123 PowerLaw 2674.2637 7.367792e-14 2.162062 7.0320296e-14 2.1771064 -0.029992668 ISP
J1031.3+5053 157.8454 50.8839 0.360403 PowerLaw 3220.7725 9.2034385e-14 1.7350627 1.0039936e-13 1.6761085 0.04465529 HSP
J1031.6+6019 157.9091 60.3178 1.231173 PowerLaw 965.05133 9.245492e-13 2.6133347 9.656823e-13 2.6052694 0.033704534 LSP
J1033.1+4115 158.2752 41.262 1.117 PowerLaw 684.7406 3.4951462e-12 2.412345 3.6690247e-12 2.3845873 0.04072992 LSP
J1033.5+4221 158.3827 42.3507 0.211 PowerLaw 6019.896 2.1081515e-15 1.7596664 2.8242304e-15 1.2632192 0.3980885 HSP
J1033.7+3708 158.4301 37.1412 0.447 PowerLaw 1841.4216 1.2770438e-13 2.2647614 1.1378238e-13 2.298041 -0.066491924 ISP
J1033.9+6050 158.4849 60.8493 1.401 LogParabola 1109.6583 4.285719e-12 2.2151487 4.657976e-12 2.1371362 0.09680198 LSP
J1035.6+4409 158.9225 44.1609 0.4438 PowerLaw 1028.5568 1.9574753e-13 2.396721 1.9554397e-13 2.3989918 -0.0025953508 LSP
J1036.2+2202 159.0528 22.0401 0.595133 PowerLaw 559.519 2.4594899e-12 2.6147654 2.6105854e-12 2.5930188 0.050628647 LSP
J1036.6-3741 159.1673 -37.6853 1.821 PowerLaw 639.6022 6.926993e-13 2.6471655 1.084118e-12 2.5926836 0.47633162 LSP
J1037.4-2933 159.3564 -29.5568 0.312 PowerLaw 1170.2445 4.8423077e-13 2.413907 5.0514817e-13 2.3986058 0.039223135 LSP
J1037.7-2822 159.4274 -28.3816 1.066 LogParabola 899.27454 2.7445672e-12 2.417249 3.073482e-12 2.4039154 0.09456786 LSP
J1038.8-5312 159.7129 -53.2069 1.45 LogParabola 529.99506 8.692803e-12 2.7373202 9.733388e-12 2.593346 0.14299162 LSP
J1039.7-1540 159.9289 -15.6697 0.525 PowerLaw 441.33716 1.3459194e-12 2.8174343 1.6289182e-12 2.725937 0.16743669 ""
J1041.0+1342 160.2665 13.7096 0.556 PowerLaw 4679.5396 8.704166e-15 1.8340323 1.174852e-14 1.5884356 0.22810692 ""
J1041.7+3902 160.4411 39.0426 0.2084 PowerLaw 3996.4148 9.071467e-15 1.8545161 1.2293006e-14 1.6692556 0.2209745 ""
J1041.9-0557 160.4774 -5.9528 0.39 PowerLaw 3399.359 2.4442318e-14 1.989299 2.1253373e-14 2.0593705 -0.06589014 ""
J1042.9+0054 160.7267 0.9059 0.73 PowerLaw 5228.9746 8.217684e-15 1.7947683 9.0981494e-15 1.7345022 0.057490915 HSP
J1043.2+2408 160.8053 24.146 0.56 PowerLaw 968.8013 1.0793477e-12 2.3227484 1.1527192e-12 2.2964323 0.050810687 LSP
J1044.6+8053 161.1638 80.8941 1.254 LogParabola 682.1313 2.4560996e-12 2.78454 2.9442848e-12 2.821015 0.2166781 LSP
J1045.8-2928 161.4684 -29.4795 2.128 PowerLaw 757.7543 1.0559224e-12 2.5442457 1.1720909e-12 2.4986236 0.0862213 LSP
J1046.0+5448 161.5189 54.8143 0.249 PowerLaw 1135.5568 1.1482364e-13 2.4329972 1.1446078e-13 2.4325707 -0.00050598616 ""
J1046.8-2534 161.7027 -25.5749 0.254 PowerLaw 5815.342 7.502191e-15 1.7382439 1.0167302e-14 1.6086599 0.20729925 HSP
J1047.9+0055 161.9846 0.923 0.640855 PowerLaw 551.78204 1.439842e-12 2.7217295 1.5259324e-12 2.701823 0.04926864 LSP
J1048.0-1912 162.0042 -19.212 0.595 PowerLaw 758.2967 3.8395938e-13 2.5618732 4.5045334e-13 2.4838665 0.1289301 LSP
J1048.4+7143 162.1067 71.7297 1.15 LogParabola 697.03674 2.5144579e-11 2.2886355 2.7328034e-11 2.203238 0.085003056 LSP
J1049.5+1548 162.3892 15.8086 0.3271 PowerLaw 1512.4691 2.3055762e-13 2.2161942 2.553841e-13 2.1401904 0.088009946 ""
J1049.7+5011 162.4334 50.1836 0.403 PowerLaw 1420.3923 9.745042e-14 2.2483866 1.2347298e-13 2.0947483 0.23874764 HSP
J1049.8+1429 162.4675 14.4835 1.63 PowerLaw 578.54297 4.0910834e-12 2.5924654 4.421855e-12 2.5526311 0.07125755 LSP
J1050.1+0432 162.5464 4.5377 1.21725 PowerLaw 565.5848 4.184415e-12 2.6060333 4.5343312e-12 2.5571604 0.07467579 LSP
J1051.4-3139 162.8502 -31.6507 1.429 PowerLaw 517.8686 1.4223774e-12 2.715844 2.228933e-12 3.5371132 0.9995149 LSP
J1051.4+3942 162.8702 39.7159 0.498 PowerLaw 5302.0737 7.209148e-15 1.7275225 8.720559e-15 1.5990529 0.111777805 ISP
J1051.6+2109 162.913 21.1651 1.3 PowerLaw 506.45618 1.5940282e-12 2.7712286 2.1342984e-12 1.8421909 0.96518 LSP
J1051.9+0103 162.9886 1.0647 0.265 PowerLaw 3857.6902 1.6107053e-14 1.9277034 2.0994465e-14 1.7394316 0.20349468 ISP
J1052.3+0818 163.0817 8.3108 0.223363 PowerLaw 1072.9739 1.5332997e-13 2.4549444 1.5606044e-13 2.4419641 0.013079662 ""
J1053.7+4930 163.4253 49.5081 0.14 PowerLaw 2585.0554 6.584656e-14 1.9183633 6.92639e-14 1.886594 0.029359557 ISP
J1054.2+3926 163.5582 39.4352 2.6342 PowerLaw 1461.5098 7.571287e-14 2.3150988 1.0191271e-13 2.0511317 0.37756875 LSP
J1056.0+0253 164.0027 2.8935 0.236 PowerLaw 15794.088 5.3569243e-16 1.4790579 6.0474775e-16 1.44222 0.05390243 ""
J1056.8+7012 164.2076 70.2019 2.492 LogParabola 927.4272 1.5145005e-12 2.6821434 1.6454209e-12 2.6687043 0.11393047 LSP
J1057.2+5510 164.3183 55.1804 2.085 PowerLaw 4916.4873 5.7572376e-15 1.8209573 7.318381e-15 1.2080309 0.36873046 HSP
J1057.3-2341 164.3423 -23.6889 1.125 PowerLaw 694.14325 1.4500512e-12 2.50559 1.7233089e-12 2.3863893 0.1606018 LSP
J1057.8-2754 164.454 -27.9016 0.090906 PowerLaw 3007.2175 5.1365037e-14 1.9123368 5.651341e-14 1.8448093 0.058989316 HSP
J1058.4+0133 164.624 1.5641 0.89 LogParabola 802.76245 1.1809e-11 2.2327335 1.2467185e-11 2.1902373 0.047848877 LSP
J1058.5+8115 164.6255 81.2547 0.706 PowerLaw 1245.3673 3.7774737e-13 2.510062 4.1675216e-13 2.3709402 0.13301523 LSP
J1058.6+2817 164.6503 28.2866 0.4793 PowerLaw 1335.0986 2.8474423e-13 2.2258828 3.0005902e-13 2.1993372 0.03875452 LSP
J1058.6-8003 164.66 -80.064 0.569 LogParabola 968.94476 2.3874947e-12 2.2580774 2.76878e-12 2.1201253 0.14667214 LSP
J1058.6+5627 164.6652 56.4634 0.143 LogParabola 1103.3569 2.408534e-12 1.9399251 2.5250908e-12 1.8578076 0.04581208 ISP
J1059.5+2057 164.8783 20.9524 0.4 PowerLaw 1122.1245 2.4350717e-13 2.4148748 2.6006747e-13 2.3972692 0.05939176 ""
J1102.1+2249 165.5471 22.8323 0.452 PowerLaw 514.42883 1.1355923e-12 2.7892408 1.4181187e-12 2.6313868 0.24299324 LSP
J1102.6+5251 165.673 52.8569 0.68984 PowerLaw 563.5171 9.376548e-13 2.6686213 1.1227315e-12 2.5132174 0.21222883 ISP
J1102.9+3014 165.7401 30.2439 0.384 PowerLaw 343.00552 4.236674e-12 2.9566987 4.837747e-12 2.8915694 0.12586997 LSP
J1103.0+1157 165.7722 11.9654 0.913941 LogParabola 492.58926 9.29046e-12 2.4128153 1.0113648e-11 2.2975004 0.097646296 ISP
J1103.6-2329 165.9091 -23.4957 0.186 PowerLaw 4840.3286 2.0905825e-14 1.7667134 2.081931e-14 1.7692556 -0.0020953268 HSP
J1104.0+2611 166.007 26.1873 0.712 PowerLaw 3098.6775 1.4834901e-14 2.005839 1.736942e-14 1.8281134 0.1341821 ""
J1104.0+0020 166.017 0.3352 0.275 PowerLaw 1017.61176 2.1251975e-13 2.5340958 2.0729481e-13 2.5432844 -0.018321969 HSP
J1104.4+0730 166.1168 7.51 0.630348 PowerLaw 1054.2786 5.8651765e-13 2.3422267 5.752092e-13 2.3513408 -0.013111523 ISP
J1104.4+3812 166.1187 38.207 0.03 LogParabola 1263.747 1.8364692e-11 1.7818525 1.879466e-11 1.7355076 0.020352405 HSP
J1105.8+3944 166.4589 39.7426 0.099 PowerLaw 2506.694 2.313528e-14 2.2242353 2.0005822e-14 2.3552835 -0.089594565 LSP
J1106.0+2813 166.502 28.2254 0.843521 PowerLaw 852.3466 1.5578983e-12 2.374943 1.692659e-12 2.3351624 0.072414145 LSP
J1107.0-4449 166.7749 -44.8323 1.598 LogParabola 448.26645 1.0309338e-11 2.7028008 1.3151765e-11 2.553002 0.27239582 LSP
J1107.7-3042 166.9327 -30.7153 0.74 PowerLaw 958.9304 2.5217648e-13 2.4874477 2.5369458e-13 2.4887974 0.0025872001 LSP
J1107.8+1501 166.9611 15.0276 0.6 PowerLaw 2365.4458 1.0385457e-13 1.9519725 1.1667601e-13 1.8605541 0.08239367 ISP
J1109.3+2411 167.3421 24.1921 0.482297 PowerLaw 3061.9333 3.7554978e-14 1.8977461 4.0085292e-14 1.8416268 0.04191566 ""
J1109.6+3735 167.4092 37.5868 0.397422 PowerLaw 4800.9004 1.0008001e-14 1.8547888 1.2080122e-14 1.5734484 0.19008511 ISP
J1111.5+3455 167.8794 34.9289 0.212 PowerLaw 11963.786 9.60898e-16 1.6916255 9.575124e-16 1.6890736 -0.0017068903 HSP
J1112.4+1751 168.1132 17.8509 0.421 PowerLaw 1639.1919 6.410662e-14 2.3043644 5.4640232e-14 2.3460875 -0.08135392 HSP
J1112.5+3448 168.1469 34.8022 1.9495 LogParabola 462.7196 8.089891e-12 2.5179172 9.203783e-12 2.3694494 0.1453657 LSP
J1114.5-0819 168.6421 -8.3224 2.078 PowerLaw 428.0893 5.1423046e-12 2.8237512 5.96125e-12 2.7827394 0.14295146 LSP
J1114.7-0248 168.6943 -2.8019 1.04 PowerLaw 418.97775 3.437664e-12 2.905503 3.7724272e-12 2.8685496 0.0877845 LSP
J1116.6+2915 169.1625 29.2586 0.0469 PowerLaw 18572.084 2.0652417e-16 1.3871741 4.9729177e-16 0.7989005 0.8280632 ""
J1117.0+2013 169.2708 20.2294 0.1392 PowerLaw 1911.775 3.4133848e-13 1.9566268 3.417251e-13 1.9552047 0.0010422451 HSP
J1117.2+0008 169.3012 0.1435 0.451 PowerLaw 4112.75 1.04191405e-14 1.8817871 1.144971e-14 1.7955639 0.05954165 HSP
J1117.6+2550 169.407 25.8463 0.360029 PowerLaw 1430.248 1.5497494e-13 2.2345953 1.5853517e-13 2.2251365 0.015096178 HSP
J1118.2-4634 169.5579 -46.5795 0.713 LogParabola 1297.6106 2.4020556e-13 2.4221358 3.3564994e-13 2.6663404 0.4084565 ISP
