4LAC_catalog_generator_v2/resulting_catalogs/agn_pop_4lac_dr2.ecsv
# %ECSV 1.0
# ---
# datatype:
# - {name: Source_Name, datatype: string}
# - {name: RAJ2000, datatype: float32}
# - {name: DEJ2000, datatype: float32}
# - {name: Redshift, datatype: float64}
# - {name: SpectrumType, datatype: string}
# - {name: Pivot_Energy, datatype: float32}
# - {name: PL_Flux_Density, datatype: float32}
# - {name: PL_Index, datatype: float32}
# - {name: LP_Flux_Density, datatype: float32}
# - {name: LP_Index, datatype: float32}
# - {name: LP_beta, datatype: float32}
# - {name: SED_class, datatype: string}
# schema: astropy-2.0
Source_Name RAJ2000 DEJ2000 Redshift SpectrumType Pivot_Energy PL_Flux_Density PL_Index LP_Flux_Density LP_Index LP_beta SED_class
[from data line 1787]
J1149.1+2819 177.277 28.3304 -inf PowerLaw 2282.9175 2.656085e-14 2.1467931 2.8567955e-14 1.6392128 0.26064748 LSP
J1149.2+6246 177.3205 62.7678 -inf PowerLaw 1259.6694 8.8004284e-14 2.4013865 8.127789e-14 2.4869742 -0.055800065 ISP
J1149.4+2441 177.3713 24.6873 0.402 PowerLaw 4422.0825 9.397449e-15 1.9622163 1.15647e-14 1.8424492 0.15953588 HSP
J1149.5-4029 177.3865 -40.491 -inf PowerLaw 1146.5364 3.7857188e-13 2.3634777 4.4888125e-13 2.302785 0.12799934 LSP
J1150.4+2418 177.6029 24.3016 0.2 PowerLaw 1107.6464 1.3442151e-12 2.2281256 1.4513062e-12 2.19249 0.05770714 ISP
J1150.6+4154 177.6563 41.9096 -999.0 LogParabola 1870.3612 4.645128e-13 1.8047591 5.203159e-13 1.6186918 0.102533884 HSP
J1150.6-4823 177.6627 -48.3905 -inf LogParabola 679.15704 1.5506361e-12 2.5621922 2.7814738e-12 2.4791508 0.7992676 LSP
J1151.3+0957 177.8373 9.9612 -inf PowerLaw 931.1286 6.897096e-13 2.3931508 6.739165e-13 2.403013 -0.01638587 LSP
J1151.5-1347 177.878 -13.7895 -999.0 PowerLaw 2486.9148 7.07659e-14 1.9782318 7.8933754e-14 1.921681 0.06426617 LSP
J1151.5+5859 177.88 58.9894 -999.0 LogParabola 2244.354 1.4118149e-13 1.8793043 1.5529132e-13 1.725915 0.090717375 ISP
J1151.6-2115 177.9203 -21.2515 -inf PowerLaw 3819.1882 1.1796339e-14 1.9110979 1.3712883e-14 1.8049396 0.1071043 ISP
J1152.1+2837 178.0309 28.6293 0.441 PowerLaw 5564.3213 3.898439e-15 1.8840119 4.01092e-15 1.8594139 0.015303357 ISP
J1152.3-0839 178.0808 -8.6663 2.37 PowerLaw 840.3094 1.8377689e-12 2.4123645 2.014076e-12 2.3633292 0.08400399 LSP
J1152.8+3308 178.2123 33.1416 1.397596 PowerLaw 323.1073 5.1288297e-12 3.0139525 4.449531e-12 3.0882678 -0.114574604 LSP
J1153.0+8056 178.2664 80.9357 1.25 PowerLaw 456.05414 3.0142989e-12 2.8695054 2.7994608e-12 2.919167 -0.06162188 LSP
J1153.3-1104 178.3476 -11.075 0.269 PowerLaw 1208.4519 3.7460023e-13 2.3361268 4.1520552e-13 2.3130803 0.07412354 LSP
J1153.4+4931 178.3505 49.5169 0.334 PowerLaw 771.67224 3.1222425e-12 2.411873 3.2576854e-12 2.3855257 0.03884845 LSP
J1153.6-2553 178.4113 -25.8989 -inf PowerLaw 3393.1782 2.3476321e-14 1.8962628 3.0336607e-14 1.7630922 0.17850599 ""
J1153.7+3822 178.4464 38.3684 0.410456 PowerLaw 4139.608 6.6185693e-15 1.9255911 6.6890764e-15 1.9174591 0.006253155 LSP
J1154.0-0010 178.5103 -0.1787 0.254 PowerLaw 4089.2148 2.3938123e-14 1.8066547 2.6347465e-14 1.7286993 0.058972955 HSP
J1154.0+4037 178.5145 40.632 0.925125 PowerLaw 2077.7905 8.1470285e-14 2.1146507 8.475999e-14 2.0786629 0.030181333 LSP
J1154.0+6018 178.519 60.3107 1.12 LogParabola 663.61127 1.4699445e-12 2.6984088 1.841224e-12 2.7541087 0.24072318 LSP
J1154.1-3243 178.5423 -32.7189 -inf LogParabola 1266.347 7.3915353e-13 2.080465 8.428039e-13 1.9336585 0.12014018 LSP
J1155.5-3418 178.8781 -34.3122 -999.0 PowerLaw 4233.0264 2.0076036e-14 1.827236 2.2615009e-14 1.738657 0.076072246 ISP
J1155.6-6547 178.9093 -65.7945 -inf LogParabola 1035.7021 5.605441e-13 2.6734602 8.055001e-13 2.8643148 0.3286542 ""
J1155.8+6137 178.9535 61.6281 1.525 PowerLaw 5021.23 3.8129535e-15 1.8491815 4.8331315e-15 1.681838 0.16960542 ISP
J1156.6+0640 179.1636 6.6728 -inf PowerLaw 1416.7736 6.059221e-14 2.3182554 7.8209717e-14 2.055292 0.3001563 LSP
J1156.6-2248 179.1642 -22.8095 -inf PowerLaw 2935.7832 3.4960682e-14 2.0363874 4.307675e-14 1.9460319 0.16234012 HSP
J1158.5+4824 179.6365 48.4161 2.028 PowerLaw 946.60046 5.005003e-13 2.4425726 5.1951233e-13 2.4253964 0.032584123 LSP
J1158.9+0818 179.7482 8.3006 0.29 PowerLaw 3317.0051 1.5221468e-14 1.940692 1.7228488e-14 1.8349264 0.088790506 ISP
J1159.0+0939 179.7512 9.6603 -inf PowerLaw 1502.7311 2.8379908e-13 2.1321418 3.1018344e-13 2.0806875 0.06636405 ISP
J1159.2-2227 179.8107 -22.4605 0.565 PowerLaw 1270.408 6.7057704e-13 2.4477382 7.6315094e-13 2.358714 0.14292204 LSP
J1159.3-2142 179.8432 -21.7038 0.617 LogParabola 868.96735 2.7699316e-12 2.4320006 3.1581905e-12 2.3827667 0.13060275 LSP
J1159.5+2914 179.884 29.2448 0.729 LogParabola 523.50714 5.762078e-11 2.1925628 6.117101e-11 2.1032994 0.06240156 LSP
J1159.5-0723 179.8983 -7.3906 -inf PowerLaw 2748.8123 5.227009e-14 1.9681594 6.408841e-14 1.8061979 0.1643022 ISP
J1200.2+0201 180.0551 2.0172 -inf PowerLaw 1747.6146 1.3464592e-13 2.1092446 1.5551937e-13 2.0024915 0.11621695 LSP
J1200.6+1229 180.1734 12.4922 0.415 PowerLaw 1088.0652 3.0765231e-13 2.3873935 3.505843e-13 2.3221698 0.11190044 ""
J1200.7+2008 180.1866 20.1354 -inf PowerLaw 726.2003 1.0845017e-12 2.5202575 1.1546084e-12 2.4858391 0.050521262 LSP
J1200.8-1429 180.2095 -14.4898 -inf PowerLaw 3531.359 1.4837844e-14 2.0246952 1.7021557e-14 1.9352847 0.09655298 ""
J1201.1-0332 180.2909 -3.5426 0.755 PowerLaw 2493.1138 2.6136745e-14 2.032624 3.3906028e-14 1.917324 0.17782228 LSP
J1201.7+1429 180.4471 14.4852 -inf PowerLaw 882.5069 4.1049008e-13 2.4442537 5.371751e-13 2.1795251 0.3689589 LSP
J1202.4+4442 180.61 44.7147 0.297 PowerLaw 783.4645 3.0706159e-13 2.5998025 2.7090399e-13 2.68363 -0.08238908 ISP
J1202.5-0528 180.6291 -5.4709 0.381 PowerLaw 441.20328 3.3549918e-12 2.834307 3.8713455e-12 2.7886236 0.13973862 LSP
J1202.5+3852 180.6462 38.8809 0.805 PowerLaw 941.75793 4.1139718e-13 2.4469063 3.7834175e-13 2.4730573 -0.056327906 ISP
J1202.9+5141 180.7372 51.6899 0.063 PowerLaw 1114.2405 1.09532175e-13 2.539053 9.5995985e-14 2.571149 -0.08175114 ""
J1203.1+6031 180.7881 60.518 0.065 PowerLaw 1581.5453 3.2788125e-13 2.1214125 3.5942917e-13 2.054 0.07569572 LSP
J1203.3+1119 180.8327 11.3231 0.435 PowerLaw 1486.8756 8.765575e-14 2.3388798 1.2064071e-13 2.2780817 0.2665936 LSP
J1203.4-3925 180.852 -39.4257 0.23 PowerLaw 5336.192 1.2996584e-14 1.8075035 1.3187152e-14 1.802629 0.006341907 HSP
J1204.0+1146 181.0204 11.7761 0.296221 PowerLaw 4061.519 1.761771e-14 1.8864119 2.0959142e-14 1.7821147 0.12565069 ""
J1204.2-0709 181.0741 -7.1627 0.184 PowerLaw 2910.659 9.3280066e-14 1.891406 1.05527274e-13 1.7919672 0.08434725 ISP
J1204.8+0407 181.2027 4.12 1.947 PowerLaw 748.0299 3.692064e-13 2.5781493 4.1337992e-13 2.4808428 0.10898179 LSP
J1205.7-2635 181.4322 -26.5946 0.789 PowerLaw 708.26587 2.1728429e-12 2.5291886 2.2840033e-12 2.5086157 0.037546344 LSP
J1205.8+3321 181.4595 33.3546 2.125 PowerLaw 744.13354 4.1751682e-13 2.6198325 4.1250505e-13 2.630368 -0.011226068 LSP
J1207.2-0524 181.8185 -5.4105 -inf PowerLaw 4022.5854 1.0083394e-14 1.9157553 1.5807085e-14 1.5736752 0.45396116 ""
J1207.7-0106 181.9276 -1.1063 1.006 PowerLaw 1044.7465 4.319825e-13 2.3375936 5.2529156e-13 2.2226453 0.17853473 LSP
J1207.7-2229 181.9449 -22.4848 -inf PowerLaw 2481.275 5.280862e-14 2.0568726 5.847312e-14 1.9840353 0.07013015 LSP
J1208.1+3017 182.0252 30.2901 -inf PowerLaw 5693.649 3.4138183e-15 1.810879 4.71301e-15 1.5381099 0.25975916 ""
J1208.2-7810 182.0571 -78.1799 -inf PowerLaw 3361.465 2.0572972e-14 2.069181 2.2716577e-14 1.9634802 0.07665256 LSP
J1208.4+6121 182.1143 61.3559 0.275 PowerLaw 2977.779 1.7724515e-14 2.072934 1.6612525e-14 2.1235192 -0.03904615 ISP
J1208.8-1751 182.2093 -17.8665 -inf PowerLaw 2034.115 4.54763e-14 2.1452825 6.425492e-14 1.6856474 0.49379334 ""
J1208.8-2754 182.2199 -27.9097 -inf PowerLaw 2653.287 3.534188e-14 2.1226764 4.460611e-14 1.78089 0.29906642 ISP
J1208.9+5441 182.2261 54.6995 1.345123 LogParabola 360.54654 2.5733683e-11 2.5895302 2.7285924e-11 2.511188 0.07229182 LSP
J1209.0-4630 182.2689 -46.502 -inf PowerLaw 1819.003 4.371484e-14 2.3319807 4.6097762e-14 2.3034208 0.03879601 ""
J1209.4+4118 182.358 41.3111 1.336 PowerLaw 2375.1626 1.00803534e-13 1.9276763 1.08741493e-13 1.8530158 0.052824836 LSP
J1209.4+7608 182.3625 76.137 -inf PowerLaw 1807.3308 7.028185e-14 2.1667752 8.906026e-14 1.8090307 0.30331746 ISP
J1209.7+2548 182.4444 25.8007 1.435 PowerLaw 2435.9285 1.7586406e-14 2.136309 2.0323817e-14 2.0281703 0.10656042 LSP
J1209.8+1810 182.4664 18.1776 0.845 PowerLaw 887.11835 1.0945063e-12 2.4110923 1.1289683e-12 2.3944936 0.024620628 LSP
J1211.0-3800 182.7621 -38.0156 -inf PowerLaw 1386.7584 1.7820642e-13 2.2824523 2.0989165e-13 2.2143478 0.13436165 LSP
J1211.6-2735 182.9011 -27.5877 -inf PowerLaw 872.8224 5.5167817e-13 2.5726805 6.06276e-13 2.5426278 0.07193234 ""
J1211.6+3901 182.9048 39.0268 0.6 PowerLaw 2930.65 1.3898303e-14 2.053184 1.2764312e-14 2.1364815 -0.051268417 ""
J1212.0-2326 183.0009 -23.4494 0.666 PowerLaw 4223.0938 1.7993143e-14 1.8974935 2.1031643e-14 1.7836889 0.10893584 ""
J1212.0+2242 183.0146 22.709 0.45 PowerLaw 2659.8147 2.1978833e-14 2.016427 2.4629506e-14 1.9439615 0.074654154 HSP
J1212.2+2442 183.0526 24.7128 -inf PowerLaw 1923.2815 5.2129504e-14 2.1183228 6.6057335e-14 1.9338508 0.2175675 LSP
J1212.7-1402 183.1881 -14.0398 -inf PowerLaw 4608.575 5.2312115e-15 2.0023103 5.228144e-15 1.9982209 0.0018894043 ""
J1213.0+5129 183.2596 51.484 0.796 PowerLaw 1989.6132 7.9095076e-14 2.1081665 7.7014736e-14 2.1266801 -0.016199633 ISP
J1213.3-2618 183.3362 -26.314 0.278 PowerLaw 4974.231 1.2636604e-14 1.8065763 1.6676546e-14 1.5893434 0.22466844 ISP
J1213.6+1306 183.41 13.1154 1.14024 LogParabola 576.24274 3.2752043e-12 2.465626 3.8377496e-12 2.2838805 0.18841316 LSP
J1213.7+6423 183.4374 64.3961 -inf PowerLaw 898.36597 3.253099e-13 2.4712453 2.9349486e-13 2.5434942 -0.068753615 ISP
J1213.8-4345 183.466 -43.7566 -inf PowerLaw 2239.1218 6.7229906e-14 2.232873 7.2809895e-14 2.1870131 0.06838722 LSP
J1214.6-1926 183.6702 -19.4481 -inf LogParabola 1063.32 1.804879e-13 2.482839 3.4807774e-13 2.312676 0.99999493 ISP
J1215.0+1656 183.7742 16.9372 1.132 PowerLaw 853.8494 1.3423469e-12 2.410009 1.3894468e-12 2.3911307 0.028398983 LSP
J1215.1+5002 183.7817 50.0438 1.545 PowerLaw 3183.6035 3.9356495e-14 1.8776612 4.3934007e-14 1.7783828 0.075855374 ISP
J1215.1+0731 183.7895 7.5222 0.136465 PowerLaw 5740.958 7.725313e-15 1.7225059 8.140477e-15 1.6991913 0.023622546 LSP
J1215.1+3513 183.7957 35.2217 0.8834 PowerLaw 813.66565 3.6754508e-13 2.5548363 4.1244615e-13 2.5293415 0.10493484 ""
J1215.8-3732 183.9696 -37.5404 -inf PowerLaw 1812.3486 6.117202e-14 2.264064 6.7434854e-14 2.2295449 0.0704697 LSP
J1215.8-1733 183.9741 -17.5657 -inf PowerLaw 718.2811 8.868071e-13 2.5670047 9.634059e-13 2.4971626 0.075292945 LSP
J1216.1-0242 184.0293 -2.7144 0.359 PowerLaw 4440.095 7.682136e-15 1.9380456 8.813159e-15 1.9021057 0.078441545 ""
J1216.1+0930 184.0415 9.5096 0.0935 PowerLaw 2013.3148 7.928716e-14 2.0643804 8.609752e-14 2.0173302 0.052720793 HSP
J1216.2-6121 184.0505 -61.3587 -inf LogParabola 1118.9023 5.8514966e-13 2.5854118 9.319409e-13 2.6003768 0.4325939 ""
J1217.9+3007 184.4762 30.1177 0.13 LogParabola 1093.8949 7.537831e-12 1.9292163 7.980157e-12 1.8541337 0.046154726 HSP
J1218.0-0028 184.5136 -0.4832 0.419 PowerLaw 1446.2723 2.3727317e-13 2.3211658 2.6586234e-13 2.2745173 0.094194256 LSP
J1218.5-0119 184.6388 -1.327 -inf LogParabola 1224.275 1.2571706e-12 2.125586 1.3969209e-12 2.0220864 0.09844458 LSP
J1219.0+4827 184.7664 48.451 1.076 PowerLaw 1365.8926 6.317017e-14 2.4140222 6.19888e-14 2.4204865 -0.012971267 LSP
J1219.0+3653 184.7684 36.8883 3.528223 PowerLaw 1568.5105 6.536975e-14 2.2387946 8.922823e-14 2.0037408 0.3559547 LSP
J1219.0-4827 184.7741 -48.4546 0.15 LogParabola 1550.2336 2.3758672e-13 2.2294621 3.0067688e-13 2.09054 0.20572817 ISP
J1219.6+0550 184.9085 5.8353 -inf PowerLaw 2532.0398 2.8924075e-14 2.0795684 3.3861402e-14 1.9694755 0.14110054 ""
J1219.7-0313 184.9334 -3.2217 0.299 PowerLaw 2997.1538 5.2979404e-14 1.9430885 5.7016295e-14 1.8935935 0.04522717 ISP
J1219.7+0444 184.9391 4.7468 -inf PowerLaw 3276.2725 2.3099461e-14 2.0026424 2.7024915e-14 1.9284335 0.11488184 ISP
J1219.9+6056 184.9837 60.935 -inf PowerLaw 1597.3881 7.403204e-14 2.3048444 6.4970686e-14 2.4172647 -0.080101006 LSP
J1220.1+7105 185.0438 71.092 0.451 LogParabola 720.9986 5.4758064e-12 2.3239832 6.062117e-12 2.1886625 0.13095307 LSP
J1220.1+3432 185.0462 34.5383 -inf PowerLaw 1673.1382 1.9411973e-13 2.107099 2.1038714e-13 2.0532067 0.060028452 LSP
J1220.2-3713 185.0693 -37.2235 -inf PowerLaw 3003.6738 3.9883173e-14 2.0004137 4.6272915e-14 1.8955352 0.11005586 ""
J1221.3+3010 185.3449 30.1677 0.184 PowerLaw 4501.464 1.8325864e-13 1.707395 1.95637e-13 1.6648307 0.032616034 HSP
J1221.5+2814 185.3784 28.2382 0.102 PowerLaw 1082.4634 3.2056174e-12 2.1531594 3.2982245e-12 2.1335435 0.021097437 ISP
J1222.0-4121 185.5146 -41.3631 -inf PowerLaw 2240.6763 2.4308965e-14 2.2011006 3.2569555e-14 1.9320493 0.3084825 LSP
J1222.5+0414 185.6271 4.2389 0.9642 LogParabola 345.14105 3.1707817e-11 2.7858946 3.414163e-11 2.6855116 0.09635798 LSP
J1223.0+1100 185.774 11.007 1.368 PowerLaw 2909.3318 2.1915433e-14 1.982081 2.8705987e-14 1.7811607 0.22411357 HSP
J1223.3+1213 185.8415 12.2312 -inf PowerLaw 830.2313 3.4759814e-13 2.5240042 3.84782e-13 2.4890885 0.09580392 LSP
J1223.5+0818 185.8835 8.3017 -inf PowerLaw 3064.2908 2.242587e-14 1.9220092 2.6188151e-14 1.8491768 0.0924163 ISP
J1223.6-3032 185.9147 -30.5437 -999.0 PowerLaw 7648.8525 3.9156203e-15 1.7327691 4.3981504e-15 1.5709798 0.08946947 HSP
J1223.8+4649 185.9647 46.8243 0.261 PowerLaw 1957.4691 2.6130306e-14 2.2178204 2.5807507e-14 2.2224772 -0.0077717234 HSP
J1223.8+8039 185.9707 80.6598 -inf LogParabola 936.3346 1.4431977e-12 2.265374 1.6101006e-12 2.117362 0.12522192 LSP
J1223.9+7954 185.9854 79.9025 0.375 PowerLaw 7251.5166 2.5657123e-15 1.8104061 3.0897666e-15 1.6802666 0.14224917 ""
J1223.9+5000 185.988 50.0089 1.063952 LogParabola 617.3607 2.877832e-12 2.5419528 3.4797159e-12 2.4187007 0.22466134 LSP
J1224.1+2239 186.0348 22.6547 0.4821 PowerLaw 8141.783 1.952062e-15 1.8479128 1.3445315e-15 1.944793 -0.12335034 ISP
J1224.4+2436 186.1161 24.6142 0.219 PowerLaw 2216.482 2.5058154e-13 1.9251257 2.7058187e-13 1.8651296 0.050192367 HSP
J1224.7-8313 186.199 -83.2259 -inf PowerLaw 670.1506 2.4201136e-12 2.6391585 2.672316e-12 2.6057918 0.07713255 LSP
J1224.9+2122 186.2277 21.3814 0.434 LogParabola 392.393 2.0022044e-10 2.3418603 2.0895831e-10 2.2780685 0.04587176 LSP
J1224.9+4334 186.2371 43.5691 0.948 PowerLaw 750.0268 1.1860229e-12 2.4458585 1.2180139e-12 2.4274445 0.022082435 LSP
J1225.0+0330 186.2519 3.5098 0.956 LogParabola 963.96246 6.811817e-13 2.6270943 8.373588e-13 2.3972082 0.34648612 LSP
J1225.3-3446 186.3491 -34.7813 -inf PowerLaw 3632.6453 1.0008606e-14 2.0675948 8.99646e-15 2.118646 -0.055031557 HSP
J1225.4-1550 186.3699 -15.847 -inf PowerLaw 9040.641 1.1222247e-15 1.6731858 1.8742527e-15 1.2163397 0.5495656 HSP
J1225.5-2851 186.3922 -28.8625 -inf PowerLaw 1028.4495 2.707614e-13 2.433368 3.670289e-13 2.204475 0.3286344 LSP
J1225.6-7313 186.408 -73.2323 -inf PowerLaw 2576.8296 5.6347545e-14 2.1666746 6.070735e-14 2.1484532 0.04536807 ""
J1226.0+5622 186.5197 56.3669 -inf PowerLaw 854.01227 2.5004467e-13 2.5548704 2.51223e-13 2.552581 0.0030842125 ISP
J1226.7+0637 186.6857 6.628 0.583 PowerLaw 5559.6597 6.9720286e-15 1.7353107 8.7610684e-15 1.5832775 0.1434201 HSP
J1226.8-1329 186.7188 -13.494 0.456 PowerLaw 2502.4365 1.163703e-13 1.9982351 1.352908e-13 1.8762077 0.11751007 LSP
J1227.1-4437 186.7859 -44.6274 0.11 PowerLaw 5484.1597 5.508723e-15 1.8547153 6.264558e-15 1.7541003 0.087470315 LSP
J1228.3+7521 187.0827 75.3527 -inf PowerLaw 1918.1249 3.330894e-14 2.2026584 3.577048e-14 2.1133752 0.060252916 ISP
J1228.7+4858 187.1792 48.9827 1.716056 PowerLaw 880.20844 7.3499556e-13 2.5555983 8.293301e-13 2.50609 0.13480328 LSP
J1228.7-0318 187.1926 -3.3148 -inf PowerLaw 1770.7123 1.0519913e-13 2.1900575 1.1570527e-13 2.1365473 0.06985285 ""
J1229.0+0202 187.2675 2.0454 0.158 LogParabola 307.12277 2.521497e-10 2.7048068 2.7316313e-10 2.614849 0.09651837 LSP
J1229.7-5304 187.4442 -53.0704 -inf PowerLaw 2432.7307 7.1605956e-14 2.1249335 7.2127566e-14 2.1222577 0.0039812587 ""
J1230.2+2517 187.5599 25.2983 0.135 LogParabola 811.2615 6.2419093e-12 2.0893202 6.556578e-12 2.0009103 0.05434047 ISP
J1230.8+1223 187.7123 12.3883 0.004283 PowerLaw 1569.5542 6.6715784e-13 2.057306 7.030298e-13 2.0262654 0.035015956 ISP
J1230.9+3711 187.7401 37.187 0.218 PowerLaw 1160.8948 8.640378e-14 2.5059001 7.655278e-14 2.5726306 -0.07535855 ISP
