4LAC_catalog_generator_v2/resulting_catalogs/agn_pop_4lac_dr2_with_z.ecsv
# %ECSV 1.0
# ---
# datatype:
# - {name: Source_Name, datatype: string}
# - {name: RAJ2000, datatype: float32}
# - {name: DEJ2000, datatype: float32}
# - {name: Redshift, datatype: float64}
# - {name: SpectrumType, datatype: string}
# - {name: Pivot_Energy, datatype: float32}
# - {name: PL_Flux_Density, datatype: float32}
# - {name: PL_Index, datatype: float32}
# - {name: LP_Flux_Density, datatype: float32}
# - {name: LP_Index, datatype: float32}
# - {name: LP_beta, datatype: float32}
# - {name: SED_class, datatype: string}
# schema: astropy-2.0
Source_Name RAJ2000 DEJ2000 Redshift SpectrumType Pivot_Energy PL_Flux_Density PL_Index LP_Flux_Density LP_Index LP_beta SED_class
[from data line 138]
J0138.5-4613 24.6429 -46.2173 0.090112 PowerLaw 1777.3147 1.006835e-13 2.1391923 1.05066875e-13 2.1165323 0.027830405 ""
J0140.6-0758 25.1626 -7.9745 0.49 PowerLaw 4350.338 8.319193e-15 1.8552041 1.0219356e-14 1.6656951 0.14558204 HSP
J0141.4-0928 25.3626 -9.4825 0.735 LogParabola 707.645 5.6179085e-12 2.1544607 5.9098854e-12 2.0869303 0.047848623 LSP
J0143.5-3156 25.8977 -31.9467 0.3751 PowerLaw 913.6151 2.1758111e-13 2.4852214 1.8169114e-13 2.5338693 -0.09046078 LSP
J0145.0-2732 26.2585 -27.5363 1.148 LogParabola 326.562 1.8259432e-11 2.6034374 1.9604903e-11 2.4801123 0.09678341 LSP
J0146.9-5202 26.729 -52.0477 0.098 PowerLaw 2002.5442 8.046847e-14 2.0812442 9.246054e-14 1.958492 0.11423273 ISP
J0148.2+5201 27.0594 52.0243 0.437 PowerLaw 4279.6123 3.3549562e-14 1.8087139 3.979094e-14 1.7105289 0.09997165 ""
J0148.6+0127 27.1576 1.4622 0.94 PowerLaw 1529.3749 1.3240231e-13 2.3056562 1.205905e-13 2.3489404 -0.057713013 LSP
J0151.0+0539 27.7738 5.6534 0.3 PowerLaw 1731.1586 7.2806365e-14 2.3057008 6.392084e-14 2.359366 -0.07373259 LSP
J0151.3+8601 27.8381 86.0194 0.15 PowerLaw 1550.4791 1.8857187e-13 2.2943444 1.9110482e-13 2.282373 0.012299191 ""
J0151.4-3607 27.8704 -36.127 0.681 PowerLaw 1336.458 1.229079e-13 2.283751 1.3447093e-13 2.248223 0.06574837 ISP
J0152.2+3714 28.0631 37.2341 0.761 PowerLaw 1251.2695 1.7499439e-13 2.3425236 1.9438685e-13 2.299387 0.07671975 LSP
J0152.2+2206 28.0727 22.1133 1.32 PowerLaw 500.16708 3.965485e-12 2.6774778 4.5481986e-12 2.611817 0.11995278 LSP
J0152.6+0147 28.1614 1.7894 0.08 PowerLaw 2407.6914 1.4055585e-13 1.9839189 1.3846953e-13 1.9964564 -0.0092933765 HSP
J0153.4+7114 28.3628 71.2411 0.022 PowerLaw 6566.3623 7.489131e-15 1.8879743 7.213744e-15 1.9037879 -0.018040305 ISP
J0153.5-5107 28.396 -51.1293 1.582 PowerLaw 243.93748 9.892762e-12 3.2412739 9.337857e-12 3.3003483 -0.06155431 LSP
J0153.9+0823 28.4972 8.3931 0.681 LogParabola 1487.0161 6.66772e-13 1.9525654 7.2719044e-13 1.8215706 0.07988183 ISP
J0154.3-0236 28.5763 -2.6111 0.082314 PowerLaw 2620.7568 2.8402773e-14 2.0547378 2.5640844e-14 2.0982413 -0.048975475 ISP
J0156.8-4744 29.2165 -47.7352 0.29 PowerLaw 1612.4498 1.2267433e-13 2.192839 1.1796907e-13 2.2292454 -0.027327925 HSP
J0156.9-5301 29.2328 -53.0308 0.304 LogParabola 2718.5059 6.6294206e-14 1.7406833 7.5406525e-14 1.5526526 0.10434077 HSP
J0157.7-4614 29.4353 -46.2431 2.287 LogParabola 759.8682 1.3500202e-12 2.4454005 1.578083e-12 2.239498 0.2259092 LSP
J0158.8+0101 29.704 1.0247 1.61 PowerLaw 894.1557 5.0457024e-13 2.5186286 4.5058686e-13 2.5491421 -0.06706161 LSP
J0159.5+1046 29.8858 10.7737 0.195 PowerLaw 2166.7153 2.1341521e-13 1.9946089 2.243386e-13 1.9612237 0.031407524 HSP
J0200.3-4109 30.0766 -41.1586 0.053877 PowerLaw 3711.4163 1.9073098e-14 1.8184702 2.3805876e-14 1.6819624 0.13951442 HSP
J0201.1+0036 30.2779 0.6029 0.298632 PowerLaw 5441.3086 3.631314e-15 1.8820838 4.010942e-15 1.8167006 0.058941804 HSP
J0202.4+0849 30.6187 8.8288 0.629 PowerLaw 4812.01 8.952774e-15 1.8334899 1.244099e-14 1.6604168 0.22438219 HSP
J0202.6-0258 30.6701 -2.9825 1.34441 PowerLaw 1157.8401 2.4465537e-13 2.3761237 2.539648e-13 2.368793 0.028147241 LSP
J0203.7+3042 30.9327 30.7139 0.761 LogParabola 879.85974 3.5180494e-12 2.238667 3.8718672e-12 2.1407046 0.098529845 LSP
J0204.0-3334 31.0238 -33.5731 0.617 PowerLaw 3049.016 1.4935549e-14 1.948115 1.7304966e-14 1.7298892 0.1344663 ""
J0204.3+2417 31.0946 24.2846 0.21 PowerLaw 4652.777 6.3982497e-15 1.8871273 8.819969e-15 1.5726168 0.31315097 ""
J0204.8+1513 31.2182 15.2326 0.833 PowerLaw 979.563 1.1392516e-12 2.3146563 1.2677803e-12 2.2639966 0.08296462 LSP
J0205.0-1700 31.2637 -17.0022 1.74 LogParabola 385.89175 1.7415427e-11 2.6324944 1.8769621e-11 2.5640385 0.08165045 LSP
J0205.2+3212 31.3089 32.203 1.466 PowerLaw 566.9207 5.295258e-12 2.656786 5.7213414e-12 2.6310651 0.070948474 LSP
J0206.0-0958 31.5185 -9.9692 0.165866 PowerLaw 5802.317 3.1016638e-15 1.8365036 3.2353211e-15 1.8050364 0.021429 ""
J0206.4-1151 31.6018 -11.8576 1.663 PowerLaw 740.07306 3.0806187e-12 2.3991108 3.2483788e-12 2.3790665 0.04408116 LSP
J0207.4-3855 31.8557 -38.9252 0.254 PowerLaw 900.2648 3.7314802e-13 2.3916721 4.2445276e-13 2.3185973 0.11876264 LSP
J0208.5-0046 32.135 -0.7768 2.025 PowerLaw 1277.3934 1.7006648e-13 2.3263183 1.6848816e-13 2.3318717 -0.007508049 LSP
J0208.6+3523 32.1706 35.3972 0.318 PowerLaw 4178.676 1.4085308e-14 1.8797629 1.6371343e-14 1.805711 0.09318947 HSP
J0209.3-5228 32.3493 -52.4799 0.2105 PowerLaw 2558.6196 2.66903e-13 1.8509203 2.7981857e-13 1.8072455 0.029567605 HSP
J0209.9+7229 32.4979 72.4877 0.895 LogParabola 1976.7582 1.8653766e-13 2.2753031 2.352018e-13 2.0761094 0.26583546 LSP
J0210.7-5101 32.6946 -51.0218 1.003 LogParabola 476.5793 3.9892162e-11 2.3416083 4.293868e-11 2.2391324 0.085250825 LSP
J0211.1-0646 32.786 -6.7793 0.193 PowerLaw 1990.2933 6.090086e-14 2.1279604 6.360735e-14 2.0991583 0.029274283 HSP
J0212.4-3502 33.1142 -35.0489 0.393 PowerLaw 2006.628 8.246966e-14 2.036803 8.3645656e-14 2.0250638 0.009321702 ISP
J0212.9+2244 33.2427 22.7466 0.459 PowerLaw 2188.785 1.1776524e-13 2.0544984 1.4095677e-13 1.9931716 0.11998544 ISP
J0214.3+5145 33.5946 51.757 0.049 PowerLaw 4042.614 2.9367754e-14 1.9037958 2.4525234e-14 2.0116913 -0.07872441 HSP
J0216.5+2313 34.1413 23.2295 0.288 PowerLaw 4286.857 1.5123502e-14 1.8531953 1.9752476e-14 1.6976545 0.18167013 HSP
J0216.8-6635 34.2168 -66.5897 0.33 LogParabola 1608.8937 2.5540656e-13 1.9879376 2.9613356e-13 1.7877909 0.14479913 HSP
J0217.0-0821 34.2517 -8.3586 0.607 PowerLaw 1006.51306 4.760142e-13 2.343247 5.5485434e-13 2.2712948 0.12957302 LSP
J0217.2+0837 34.3163 8.6234 0.085 PowerLaw 1028.9153 1.9263126e-12 2.2691278 2.0339958e-12 2.240584 0.041729726 LSP
J0217.4+7352 34.3533 73.8804 2.367 PowerLaw 364.12955 1.7852013e-11 2.9398217 2.0225596e-11 2.876199 0.10476739 LSP
J0217.8+0144 34.4621 1.7346 1.715 LogParabola 633.0354 9.472502e-12 2.23636 1.0128789e-11 2.1595938 0.06384521 LSP
J0219.1-1724 34.7821 -17.402 0.128 PowerLaw 2450.1638 4.4708747e-14 2.103454 4.446786e-14 2.1049182 -0.0035682777 HSP
J0220.2+3246 35.073 32.7793 1.62 PowerLaw 510.98636 1.5874937e-12 2.7438648 2.061122e-12 2.5006692 0.31317168 LSP
J0220.8-0841 35.2088 -8.6932 0.43 PowerLaw 6589.0825 2.9936675e-15 1.7421361 4.564096e-15 1.4878155 0.31216583 HSP
J0221.1+3556 35.281 35.9359 0.944 LogParabola 764.40204 1.821863e-11 2.2875438 1.9362885e-11 2.2542875 0.048333745 LSP
J0221.5+2513 35.3809 25.2305 0.4818 LogParabola 2704.209 2.895651e-14 2.0220895 4.372331e-14 1.7436006 0.40939304 ISP
J0222.0-1616 35.5197 -16.2787 0.698 PowerLaw 1377.9248 2.142636e-13 2.4044077 2.101502e-13 2.4096963 -0.016067063 LSP
J0223.0-3447 35.755 -34.7942 1.49 PowerLaw 731.0508 4.244881e-13 2.5489528 4.9554187e-13 2.4005017 0.1691112 LSP
J0223.1-1117 35.7917 -11.2965 0.042109 PowerLaw 3638.9717 1.9678556e-14 1.8773395 2.3755122e-14 1.6978728 0.14583871 HSP
J0223.2-1653 35.8128 -16.8868 1.015 LogParabola 731.7777 5.9526185e-13 2.7165964 9.003276e-13 2.8945642 0.422814 LSP
J0223.5-0928 35.8995 -9.481 1.425 PowerLaw 1459.401 9.593876e-14 2.238754 1.2472453e-13 2.105093 0.2281586 ""
J0224.2+0700 36.0577 7.0126 0.511 PowerLaw 926.1573 3.9517844e-13 2.5021942 4.382731e-13 2.489407 0.069840655 LSP
J0224.9+1843 36.2294 18.7194 2.69 PowerLaw 321.7881 9.428537e-12 2.9506242 1.2669072e-11 2.753058 0.3291468 LSP
J0226.5+0938 36.6313 9.6351 2.605 PowerLaw 1918.401 8.450811e-14 2.1507807 9.82419e-14 2.0439346 0.120380834 LSP
J0227.2+3928 36.8053 39.4704 1.571 PowerLaw 631.4172 1.0774068e-12 2.7907963 1.1191116e-12 2.7607975 0.038231995 LSP
J0227.3+0201 36.8296 2.0203 0.457 PowerLaw 2283.055 1.1994743e-13 1.9567205 1.2575364e-13 1.9238844 0.02856254 ""
J0227.8+2246 36.9544 22.7775 0.428203 PowerLaw 2283.5483 5.054002e-14 2.1436517 6.162474e-14 1.9553655 0.21181056 LSP
J0228.0-3026 37.014 -30.447 0.3028 PowerLaw 1950.7861 4.2076043e-14 2.1975 4.627814e-14 2.1162786 0.084734745 LSP
J0228.3-5547 37.0854 -55.7931 2.464 LogParabola 1197.6176 2.7981313e-12 2.2321527 3.198347e-12 2.225941 0.11282452 LSP
J0228.7+6718 37.1976 67.3064 0.523 LogParabola 1124.1101 6.1417077e-13 2.5844798 7.9139717e-13 2.5519404 0.20450969 LSP
J0229.5-3644 37.3877 -36.7388 2.115 LogParabola 347.53464 1.8370408e-11 2.6031847 2.0411946e-11 2.4631932 0.12860075 LSP
J0230.8+4032 37.7086 40.5416 1.019 LogParabola 718.8149 2.7370094e-12 2.4502447 3.0598013e-12 2.3057735 0.14060582 LSP
J0231.2-5754 37.817 -57.9157 0.031989 PowerLaw 3014.632 2.9613132e-14 1.9460887 2.992453e-14 1.9393066 0.00564094 LSP
J0231.2-4745 37.8209 -47.7654 0.765 PowerLaw 439.50464 5.3355124e-12 2.7586105 5.196973e-12 2.769624 -0.023320919 LSP
J0231.8+1322 37.9616 13.3692 2.065 PowerLaw 550.9726 4.771581e-12 2.6782382 5.08033e-12 2.6592734 0.052436065 LSP
J0232.5-1118 38.1333 -11.3166 0.2087 PowerLaw 5265.8706 4.7129887e-15 1.770877 6.803029e-15 1.5307634 0.2807827 HSP
J0232.8+2018 38.2139 20.3159 0.139 PowerLaw 5796.844 1.0317325e-14 1.7880126 1.0519047e-14 1.7811421 0.008896526 HSP
J0235.6-2939 38.9008 -29.6517 0.66 PowerLaw 2976.8801 1.6855236e-14 2.027813 1.2752114e-14 2.1865788 -0.11161647 HSP
J0236.8-6136 39.2021 -61.6106 0.467 PowerLaw 830.1749 1.9831235e-12 2.3529525 2.0717926e-12 2.3273904 0.0359497 LSP
J0237.1-0714 39.2845 -7.2456 0.359792 PowerLaw 7172.475 1.8339106e-15 1.7309375 2.4542695e-15 1.6360042 0.1904367 ""
J0237.6-3602 39.4244 -36.0422 0.411 PowerLaw 3578.222 2.1453163e-14 1.8615276 2.3280507e-14 1.8084741 0.043693867 HSP
J0237.7+0206 39.4414 2.1019 0.021592 PowerLaw 2158.3474 2.9974334e-14 2.1483557 3.4175692e-14 2.0738525 0.102504455 ISP
J0237.8+2848 39.4737 28.8044 1.206 LogParabola 464.32947 8.11199e-11 2.3156402 8.849052e-11 2.2085423 0.08713531 LSP
J0238.1-3905 39.5299 -39.0874 0.2 PowerLaw 2222.663 7.175817e-14 1.990332 7.742316e-14 1.9286315 0.051994663 HSP
J0238.4-3116 39.6209 -31.2828 0.233 PowerLaw 2751.1504 1.2609307e-13 1.8200365 1.2521928e-13 1.8243268 -0.00340491 HSP
J0238.6+1637 39.668 16.6179 0.94 LogParabola 888.91077 1.558835e-11 2.1645036 1.7400276e-11 2.089591 0.09193698 LSP
J0238.7+2555 39.6991 25.9238 0.584 PowerLaw 5252.16 6.1617628e-15 1.9387773 5.6857442e-15 1.9777716 -0.039204292 HSP
J0239.7+0415 39.9403 4.2643 0.978 PowerLaw 411.18228 7.974594e-12 2.7752786 8.580006e-12 2.7444785 0.065487534 LSP
J0241.3+6543 40.3386 65.7288 0.1211 PowerLaw 3035.4768 1.091819e-13 2.1137252 1.1530525e-13 2.0863228 0.037833642 HSP
J0242.3+1102 40.5951 11.0477 2.68 LogParabola 564.6254 3.2430473e-12 2.5818152 4.106481e-12 2.4354398 0.24351023 LSP
J0242.6+1735 40.6588 17.5984 0.551 PowerLaw 1120.1637 3.1966053e-13 2.475 3.9517e-13 2.1845543 0.3455527 ""
J0242.9+0045 40.7476 0.7526 0.409 PowerLaw 2759.8203 1.751759e-14 2.1041565 2.10619e-14 1.9908992 0.1516758 ISP
J0243.2-0550 40.8176 -5.8465 1.805 PowerLaw 455.45975 2.6037213e-12 2.7743633 2.6756822e-12 2.7635617 0.01884253 LSP
J0244.6-5819 41.1576 -58.3256 0.265 PowerLaw 3911.92 3.684366e-14 1.7456913 4.022071e-14 1.6911279 0.04471958 HSP
J0245.4+2408 41.3545 24.1498 2.243 PowerLaw 550.78015 3.1506453e-12 2.6761081 3.5243518e-12 2.6476424 0.08198753 LSP
J0245.5-4502 41.3934 -45.0475 0.2828 PowerLaw 406.3943 2.140095e-12 2.9621017 1.9960264e-12 2.9960587 -0.065749004 ISP
J0245.9-4650 41.4966 -46.8463 1.385 LogParabola 522.42126 1.7973557e-11 2.41746 1.9779772e-11 2.308459 0.1146082 LSP
J0250.6+1712 42.6563 17.2081 0.243 PowerLaw 4242.7974 2.5180307e-14 1.8404547 2.7840186e-14 1.766266 0.059807148 HSP
J0251.5-5958 42.8976 -59.9739 1.373 PowerLaw 1794.5472 6.687577e-14 2.214969 7.85893e-14 2.0946157 0.15217012 LSP
J0252.8-2219 43.2007 -22.3203 1.419 LogParabola 406.86917 4.4802242e-11 2.3597271 4.8366578e-11 2.2524166 0.08602658 LSP
J0252.9+3834 43.2466 38.5774 1.122 PowerLaw 634.2981 1.1052915e-12 2.631836 1.2868362e-12 2.5181022 0.15118186 LSP
J0253.2-5441 43.3062 -54.6936 0.539 PowerLaw 630.27234 2.2587396e-12 2.532099 2.4284303e-12 2.4868228 0.06622181 LSP
J0253.2-0124 43.3158 -1.4031 1.479987 PowerLaw 2231.916 5.986823e-14 2.0728233 6.2791244e-14 2.0433347 0.029866245 ISP
J0253.5+3216 43.3829 32.2826 0.859 PowerLaw 2050.9675 8.269634e-14 2.173452 8.792166e-14 2.152962 0.035369057 LSP
J0253.9+5103 43.4933 51.0633 1.732 PowerLaw 1034.7256 1.0689469e-12 2.468202 1.1589912e-12 2.442065 0.06157622 LSP
J0255.8+0534 43.9621 5.5766 0.680821 PowerLaw 2410.8003 3.7131532e-14 2.1889617 4.23177e-14 2.1055758 0.11214502 LSP
J0256.3+0334 44.0964 3.5698 0.4 PowerLaw 2191.5798 1.0089158e-13 2.0863516 1.04064604e-13 2.0718732 0.017921446 ISP
J0257.9-1215 44.492 -12.2637 1.391 PowerLaw 520.48334 2.139708e-12 2.647769 2.194832e-12 2.6325371 0.019928105 LSP
J0259.4+0746 44.8578 7.7833 0.893 LogParabola 954.0858 2.5598568e-12 2.1981485 2.7508083e-12 2.1220639 0.062048923 LSP
J0259.5+1924 44.8791 19.4082 0.545 PowerLaw 1448.4812 1.4086424e-13 2.3721404 1.4210679e-13 2.3696482 0.004554563 ""
J0301.0-1652 45.2714 -16.8688 0.278 PowerLaw 1583.296 6.4542725e-14 2.3143747 6.8616635e-14 2.2820344 0.046712335 LSP
J0301.6-7155 45.4036 -71.9279 0.8232 PowerLaw 767.02856 8.7109497e-13 2.538781 9.35939e-13 2.494059 0.065311074 LSP
J0303.3-7913 45.8409 -79.2236 1.115 PowerLaw 955.3739 4.497237e-13 2.4661438 4.693226e-13 2.438247 0.03276904 LSP
J0303.3+0555 45.8465 5.9249 0.196 PowerLaw 11118.537 1.2127672e-15 1.6874561 1.3749383e-15 1.562493 0.08518876 HSP
J0303.4-2407 45.8625 -24.1225 0.266 LogParabola 945.1168 5.1343743e-12 1.910174 5.310245e-12 1.8485527 0.031261194 HSP
J0303.6-6211 45.9245 -62.1899 1.351 LogParabola 665.56854 3.2754613e-12 2.4503238 3.5290087e-12 2.3455074 0.09502725 LSP
J0304.4-2833 46.1016 -28.5662 0.7 PowerLaw 5236.2324 6.3301343e-15 1.7270447 9.8239525e-15 1.2086502 0.48686516 HSP
J0304.5-0054 46.1423 -0.9148 0.511 PowerLaw 2833.8882 2.3776903e-14 2.048788 2.4189623e-14 2.0433638 0.008250266 HSP
J0305.1-1608 46.2919 -16.1466 0.311 PowerLaw 4982.654 1.1340723e-14 1.7855884 1.2545332e-14 1.718825 0.0589456 HSP
J0307.8-0419 46.9523 -4.3266 0.02889 PowerLaw 2819.3933 1.4442034e-14 2.116267 1.4538806e-14 2.1067245 0.0060621533 ""
J0308.4+0407 47.1105 4.1177 0.029 PowerLaw 2451.1533 1.3228549e-13 1.973345 1.4889588e-13 1.9073948 0.074290976 ISP
J0309.0+1029 47.2617 10.4927 0.863 LogParabola 734.20166 4.1040847e-12 2.3504846 4.6270097e-12 2.225817 0.11466832 LSP
J0309.9-6058 47.4921 -60.9733 1.479 LogParabola 527.1931 1.4269945e-11 2.4910004 1.5616798e-11 2.4134228 0.09831316 LSP
J0310.9+3815 47.7297 38.2552 0.945 PowerLaw 1149.7998 3.6863936e-13 2.395798 4.1399363e-13 2.3053725 0.10070022 LSP
J0312.4-3221 48.1095 -32.3555 0.06711 PowerLaw 2247.8384 2.1220339e-14 2.0999925 2.7372256e-14 1.805578 0.2795761 HSP
J0312.8+0134 48.2222 1.5724 0.664 PowerLaw 1256.7383 4.03005e-13 2.327311 4.428282e-13 2.252039 0.0872454 LSP
J0312.9+3614 48.2276 36.2341 0.071516 PowerLaw 4066.1877 2.4751024e-14 1.8818727 2.7448723e-14 1.834257 0.053296503 LSP
J0312.9+4119 48.2438 41.3289 0.136 PowerLaw 1291.911 1.8252661e-13 2.694086 1.493676e-13 2.7713492 -0.12242442 LSP
J0314.3+0620 48.5887 6.3473 0.62 PowerLaw 4462.396 1.6377446e-14 1.8985955 1.9231671e-14 1.7768862 0.1133172 HSP
J0314.6-6549 48.659 -65.8178 0.636 PowerLaw 1151.1332 1.7232464e-13 2.4364452 1.6678025e-13 2.4463687 -0.023319082 LSP
J0315.9-1033 48.9922 -10.5522 1.565 PowerLaw 688.48016 2.1065786e-12 2.475458 2.354884e-12 2.431856 0.085087694 LSP
J0316.2-2608 49.069 -26.1448 0.443 PowerLaw 2644.4846 7.787792e-14 1.8743906 9.057951e-14 1.7742563 0.0979378 HSP
J0316.8+4120 49.2147 41.3464 0.01894 PowerLaw 9646.324 3.4658231e-15 1.8546317 3.5761274e-15 1.8347706 0.016353525 ISP
J0317.7-2804 49.4258 -28.0787 1.166 PowerLaw 1500.9359 4.5553483e-14 2.2993774 4.8336342e-14 2.2494583 0.04505736 LSP
J0317.8-4414 49.4724 -44.2376 0.076106 PowerLaw 6205.731 2.4821356e-15 1.8277442 2.402032e-15 1.8394688 -0.014681218 HSP
J0319.8+4130 49.9575 41.5121 0.018 LogParabola 952.57776 4.1390988e-11 2.1055079 4.5453384e-11 2.0464592 0.06488783 LSP
