4LAC_catalog_generator_v2/resulting_catalogs/agn_pop_4lac_dr2.ecsv
# %ECSV 1.0
# ---
# datatype:
# - {name: Source_Name, datatype: string}
# - {name: RAJ2000, datatype: float32}
# - {name: DEJ2000, datatype: float32}
# - {name: Redshift, datatype: float64}
# - {name: SpectrumType, datatype: string}
# - {name: Pivot_Energy, datatype: float32}
# - {name: PL_Flux_Density, datatype: float32}
# - {name: PL_Index, datatype: float32}
# - {name: LP_Flux_Density, datatype: float32}
# - {name: LP_Index, datatype: float32}
# - {name: LP_beta, datatype: float32}
# - {name: SED_class, datatype: string}
# schema: astropy-2.0
Source_Name RAJ2000 DEJ2000 Redshift SpectrumType Pivot_Energy PL_Flux_Density PL_Index LP_Flux_Density LP_Index LP_beta SED_class
[from data line 2060]
J1321.9+3219 200.4801 32.3313 -inf PowerLaw 2170.8752 2.6856332e-14 2.2071872 2.5909306e-14 2.2187762 -0.021834843 ""
J1322.0+8317 200.5015 83.2845 1.024 PowerLaw 1133.2173 2.798503e-13 2.395293 3.233512e-13 2.257279 0.13862546 LSP
J1322.2+0842 200.551 8.7036 0.32549 PowerLaw 1418.3452 1.6518617e-13 2.2621434 1.5983414e-13 2.2965708 -0.023108542 LSP
J1322.3-0606 200.5867 -6.1057 -inf LogParabola 2284.713 5.151706e-14 1.9934534 7.4686954e-14 1.7004234 0.35401982 LSP
J1322.6-0936 200.6637 -9.6075 1.864 PowerLaw 561.9884 4.9237255e-12 2.6208105 5.472661e-12 2.563923 0.100467786 LSP
J1322.6-1418 200.6681 -14.3078 -inf PowerLaw 3628.7932 8.083596e-15 1.9897608 1.07499365e-14 1.9476856 0.16955964 ""
J1322.6-1617 200.6738 -16.2904 -inf PowerLaw 2487.8235 3.5784174e-14 2.091715 4.0727465e-14 1.968412 0.10646001 LSP
J1322.9+0437 200.7372 4.6308 0.224 PowerLaw 3461.9836 1.5012538e-14 1.9224485 2.1117687e-14 1.5894852 0.36841738 HSP
J1323.0+2941 200.7616 29.6871 1.141 PowerLaw 1159.7123 1.1418259e-12 2.1584103 1.2263454e-12 2.1144009 0.054094452 LSP
J1323.9+1405 200.9762 14.0871 0.47 PowerLaw 3120.3005 5.082785e-14 1.8782538 6.0949286e-14 1.7014786 0.13810633 HSP
J1324.0-4330e 201.0 -43.5 -inf LogParabola 553.6694 2.539783e-11 2.513078 2.7056937e-11 2.4709313 0.07840237 ""
J1324.9+4748 201.2398 47.8086 2.26 PowerLaw 694.1647 9.461542e-13 2.6739085 9.936093e-13 2.6359885 0.05530411 ""
J1325.5-4300 201.3813 -43.0165 0.0018 PowerLaw 708.29974 1.4441001e-11 2.6352873 1.3695883e-11 2.6536648 -0.047105156 LSP
J1325.6-0227 201.4144 -2.4552 0.8 PowerLaw 3720.956 1.0529951e-14 1.8784953 1.7206705e-14 1.8180337 0.3515659 ""
J1326.1+1232 201.5493 12.5348 0.204153 PowerLaw 3935.8835 7.110856e-15 1.9400831 9.326008e-15 1.4296815 0.36594322 HSP
J1326.7-0503 201.6993 -5.0629 1.882 PowerLaw 12709.542 5.6529343e-16 1.6777644 6.460915e-16 1.5748962 0.08173117 LSP
J1326.8-5256 201.7201 -52.9376 -inf LogParabola 1000.2932 2.8716539e-12 2.3233352 3.2305135e-12 2.1784866 0.13381617 LSP
J1326.9+2210 201.7295 22.1732 1.398 LogParabola 585.4688 7.000421e-12 2.492763 7.706897e-12 2.3827784 0.11834725 LSP
J1327.8+2522 201.9546 25.3822 -inf PowerLaw 5786.7896 2.8059686e-15 1.7917478 3.3430978e-15 1.4608412 0.16305651 ""
J1328.5-4727 202.1342 -47.4613 -999.0 PowerLaw 4629.1255 3.6975522e-14 2.0099463 3.786716e-14 1.9983433 0.015391734 HSP
J1328.6+1145 202.1667 11.7627 0.49 PowerLaw 8730.99 1.6329731e-15 1.6977489 2.2053413e-15 1.4979415 0.1870225 HSP
J1329.0-5607 202.2672 -56.1186 -inf LogParabola 807.2378 9.044498e-12 2.4523885 1.0112667e-11 2.3496153 0.11599098 LSP
J1329.4-0530 202.3738 -5.506 0.575868 LogParabola 1657.6991 1.5575034e-13 2.4138832 2.1437576e-13 2.181841 0.43187362 ""
J1330.2-7003 202.5616 -70.0586 -inf LogParabola 788.6308 4.236981e-12 2.4688773 4.881411e-12 2.3460178 0.14775981 LSP
J1330.2+7002 202.5727 70.0406 -999.0 PowerLaw 2478.0496 5.3659893e-14 1.9665796 5.8780956e-14 1.8873361 0.06588 HSP
J1330.3+4441 202.5793 44.6877 -inf PowerLaw 1986.1969 7.692748e-14 2.0747738 8.9596746e-14 1.912175 0.13600627 HSP
J1330.4+3157 202.6002 31.963 -inf PowerLaw 907.774 2.2038278e-13 2.496147 3.015968e-13 2.4068124 0.29632774 LSP
J1330.7+5200 202.6823 52.0136 0.688 PowerLaw 989.04034 4.604761e-13 2.4678378 4.791293e-13 2.445843 0.03455405 LSP
J1330.7+2933 202.6935 29.5536 -inf PowerLaw 1040.7184 2.7548057e-13 2.4486427 3.5637945e-13 2.4511025 0.27753147 LSP
J1331.0+3032 202.7544 30.5459 0.849934 PowerLaw 1279.7816 1.304369e-13 2.3888342 1.563121e-13 2.3279054 0.16500817 LSP
J1331.0+5653 202.7577 56.894 0.7 PowerLaw 4853.952 5.178152e-15 1.8729216 6.342519e-15 1.3789018 0.2817551 ""
J1331.2-1325 202.8192 -13.4282 0.25 PowerLaw 1116.6945 5.4749033e-13 2.5995944 6.6939374e-13 2.4885461 0.22775152 LSP
J1331.6+1711 202.9052 17.1837 -inf PowerLaw 1146.485 3.0854597e-13 2.350103 3.1203363e-13 2.3444166 0.0077580716 LSP
J1331.7-0343 202.9373 -3.7244 1.352 PowerLaw 485.87744 2.0155422e-12 2.9183896 1.8489277e-12 1.6186908 0.6955592 LSP
J1331.7-0647 202.945 -6.7948 0.126187 PowerLaw 2893.3164 1.9696921e-14 2.0101733 2.833427e-14 1.7874789 0.3021851 ISP
J1332.0-0509 203.0196 -5.1611 2.15 LogParabola 522.88 2.0296223e-11 2.5144165 2.389478e-11 2.3939517 0.1668687 LSP
J1332.2+4722 203.0595 47.3728 0.6687 PowerLaw 711.5856 8.062861e-13 2.6418126 8.670926e-13 2.5962863 0.07236764 LSP
J1332.6-1256 203.1543 -12.9436 1.492 LogParabola 973.63794 4.680576e-12 2.4186203 5.331415e-12 2.4025974 0.13098975 LSP
J1333.0-6626 203.2648 -66.4387 -inf PowerLaw 905.9922 6.8085636e-13 2.637794 9.254557e-13 2.4029653 0.28729045 ""
J1333.2+2725 203.3227 27.4221 0.731 PowerLaw 961.90283 6.667564e-13 2.3151128 7.160643e-13 2.2730188 0.057000455 LSP
J1333.7+5056 203.4395 50.9366 1.362 LogParabola 764.23517 2.3340288e-12 2.3384774 2.5427757e-12 2.2536297 0.08960357 LSP
J1334.1-3521 203.5496 -35.354 -inf PowerLaw 8844.442 1.5119219e-15 1.7090163 1.5284212e-15 1.6954094 0.006828632 HSP
J1334.5+5634 203.6377 56.5723 0.342578 PowerLaw 1707.3579 4.258624e-14 2.360104 4.0494216e-14 2.3710468 -0.03133685 ISP
J1335.3-2949 203.8475 -29.8295 0.25 PowerLaw 2843.8096 3.9074036e-14 1.9710115 4.0985668e-14 1.9533206 0.026918694 ""
J1336.2+2320 204.051 23.3349 0.267 PowerLaw 2793.3296 2.1237925e-14 1.9977722 2.6064688e-14 1.6989238 0.23234841 HSP
J1336.2+2053 204.0663 20.8834 -inf PowerLaw 2720.033 2.568746e-14 1.995592 2.8503614e-14 1.8798414 0.08037082 LSP
J1337.4+5502 204.3668 55.0418 1.099576 PowerLaw 568.6129 7.7311557e-13 2.7583983 7.946411e-13 2.7577019 0.020903395 LSP
J1337.5-7802 204.3858 -78.045 -inf PowerLaw 2580.2737 3.2321263e-14 2.1641173 3.6309043e-14 2.0843358 0.09595282 ""
J1337.6-1257 204.424 -12.9517 0.539 LogParabola 754.0609 4.5420967e-12 2.4217038 5.1456847e-12 2.3047152 0.13841592 LSP
J1337.9-1956 204.4883 -19.945 -inf PowerLaw 1258.1781 1.1439263e-13 2.4884114 1.2014806e-13 2.4639697 0.035462003 LSP
J1338.0+6534 204.5156 65.5696 0.946 PowerLaw 617.9033 1.0991995e-12 2.7232666 1.2200535e-12 2.6413794 0.12193084 LSP
J1338.9+1153 204.7323 11.8956 -inf PowerLaw 2291.0825 8.643617e-14 2.035152 8.296817e-14 2.0575585 -0.021880545 ISP
J1339.0-2400 204.7563 -24.0085 0.657 PowerLaw 1047.1942 8.6272775e-13 2.3023615 9.358594e-13 2.258284 0.060525123 LSP
J1339.1-2620 204.7991 -26.3351 1.51 PowerLaw 1545.7078 1.2961309e-13 2.2433553 1.4707163e-13 2.1654377 0.09882291 LSP
J1339.9-0138 204.9756 -1.6378 1.62 LogParabola 1256.1721 1.5661497e-13 2.3094804 2.7167838e-13 2.1177254 0.6797216 LSP
J1340.0-1501 205.0211 -15.0265 -inf PowerLaw 6053.957 3.4627844e-15 1.843921 4.3977243e-15 0.4223265 0.96198285 ""
J1340.1+3857 205.0427 38.9623 -inf PowerLaw 531.15356 8.355588e-13 2.7010036 9.650559e-13 2.655694 0.14008835 ""
J1340.4+6926 205.1099 69.4446 -inf PowerLaw 942.06116 1.9680876e-13 2.5348577 2.237997e-13 2.4328735 0.14074688 LSP
J1340.5+4409 205.1468 44.161 0.546 PowerLaw 8152.757 2.5930537e-15 1.6635898 2.9050801e-15 1.6071249 0.056036137 HSP
J1340.8-0409 205.2171 -4.1612 0.223 PowerLaw 2158.6362 7.132678e-14 2.0087214 9.251273e-14 1.879317 0.2162862 HSP
J1341.1+7433 205.2751 74.5637 -inf PowerLaw 5051.49 2.6176833e-15 1.8630496 2.9752363e-15 1.8276441 0.07002995 LSP
J1341.2+3958 205.3209 39.9738 0.172 PowerLaw 4041.4138 1.3935633e-14 1.8634467 1.3425631e-14 1.8959382 -0.019756861 HSP
J1341.6+5515 205.4087 55.254 0.207 PowerLaw 2832.3157 1.0778459e-14 2.0897882 1.2590517e-14 1.9493619 0.15826161 ISP
J1341.7-3907 205.4326 -39.1223 -inf PowerLaw 7788.469 1.6910468e-15 1.7822907 2.0427178e-15 1.5390375 0.16101769 ""
J1341.8-2053 205.461 -20.8901 1.582 PowerLaw 517.8673 3.2346242e-12 2.731449 3.6507928e-12 2.6818924 0.114674285 LSP
J1342.6+0944 205.6712 9.735 0.28279 PowerLaw 1819.8647 8.909518e-14 2.1467204 1.00152105e-13 2.068207 0.08628553 ""
J1342.7+0505 205.6851 5.0904 0.13648 PowerLaw 1308.2075 1.7519295e-13 2.3034964 1.7463338e-13 2.3028684 -0.0020599712 ""
J1343.6+5755 205.9118 57.9178 0.933 PowerLaw 623.4787 4.5054935e-13 2.7190156 4.4559175e-13 2.723675 -0.009852556 ISP
J1344.0+6605 206.0145 66.0974 1.351 PowerLaw 1269.9009 1.6612621e-13 2.403549 1.7810291e-13 2.36178 0.06499487 LSP
J1344.1-7700 206.0362 -77.0136 -inf PowerLaw 1210.1691 2.1684919e-13 2.4754345 2.7213718e-13 2.4925842 0.17808992 ""
J1344.2-1723 206.0601 -17.3978 2.49 LogParabola 894.14197 2.4259056e-12 2.232561 2.7629318e-12 2.106283 0.12179085 LSP
J1344.4-3656 206.1246 -36.9335 -inf PowerLaw 1536.2437 1.6524388e-13 2.3019452 1.577811e-13 2.3297188 -0.028765365 ISP
J1345.5+4453 206.394 44.8844 2.534 LogParabola 455.58707 6.3141534e-11 2.273348 6.794664e-11 2.1713276 0.078009024 LSP
J1345.6-3356 206.4085 -33.9453 -999.0 PowerLaw 2177.655 9.990309e-14 2.0543966 1.01620305e-13 2.0427501 0.009886475 ISP
J1345.8+0706 206.4648 7.1072 1.0933 PowerLaw 760.65674 1.8520875e-12 2.443117 1.9724842e-12 2.4143183 0.0509104 LSP
J1346.3-6026 206.5913 -60.4462 0.012916 LogParabola 1599.5994 1.0714761e-12 2.4007697 1.1970074e-12 2.3247054 0.10767372 LSP
J1347.1-2959 206.7789 -29.984 -inf PowerLaw 2908.354 5.4791336e-14 1.9366684 6.382825e-14 1.8484753 0.105573684 ISP
J1347.4+7309 206.8557 73.1545 -inf PowerLaw 461.40543 1.335887e-12 2.8114345 1.4191291e-12 2.7702596 0.05264813 HSP
J1347.6-3751 206.9135 -37.8633 1.3 LogParabola 1069.2852 6.260016e-13 2.3374417 7.5390155e-13 2.1696515 0.1965725 LSP
J1348.9+0756 207.2452 7.9449 0.25 PowerLaw 3317.7236 1.3139095e-14 2.0511951 1.334646e-14 2.048555 0.006608917 HSP
J1349.5-7153 207.3767 -71.8837 -inf PowerLaw 1491.5942 1.396403e-13 2.4384053 1.2162106e-13 2.4721916 -0.07582796 ""
J1349.5-1131 207.3869 -11.5188 0.34 PowerLaw 735.9257 2.8009671e-12 2.4940784 3.090675e-12 2.427721 0.10485799 ISP
J1350.8+3033 207.7148 30.5588 0.711515 PowerLaw 712.6063 1.7718384e-12 2.4153125 1.9733624e-12 2.356916 0.090441614 LSP
J1351.0+0029 207.757 0.4873 2.084 PowerLaw 999.8862 3.616138e-13 2.436807 4.049616e-13 2.3605595 0.099944994 LSP
J1351.3+1115 207.8434 11.2502 -999.0 PowerLaw 2644.692 1.0852226e-13 1.8840036 1.2067754e-13 1.8140068 0.0654152 HSP
J1351.4-1529 207.8542 -15.4836 0.285 PowerLaw 2751.3877 3.741692e-14 2.041582 3.8932463e-14 2.0151439 0.02443214 ISP
J1351.7-2912 207.9425 -29.2106 1.034 LogParabola 1678.3462 1.590541e-13 2.3590055 2.0324042e-13 2.5300696 0.25296646 LSP
J1351.7+5542 207.9483 55.7108 -inf LogParabola 2668.473 2.5249918e-14 2.0813298 3.8570455e-14 1.6594139 0.6102521 ""
J1351.9+2847 207.9959 28.7964 0.267797 PowerLaw 2658.366 1.3596261e-14 2.0250618 1.763896e-14 1.8119193 0.22210515 ""
J1352.7-2742 208.1904 -27.7052 -inf PowerLaw 762.3265 1.0205609e-12 2.6628993 1.238283e-12 2.6627803 0.16652285 LSP
J1353.0-4413 208.2566 -44.226 -inf PowerLaw 1489.4438 3.833323e-13 2.2282357 4.15726e-13 2.1735134 0.06402048 LSP
J1353.2+3740 208.3049 37.682 0.216 PowerLaw 2414.8809 3.0052563e-14 2.1254454 3.502359e-14 1.9128402 0.16590188 HSP
J1353.3+1434 208.3355 14.5755 0.405 PowerLaw 1282.258 3.4388746e-13 2.2494407 3.443132e-13 2.2484863 0.0012480695 LSP
J1353.4+5600 208.3602 56.0024 0.404 PowerLaw 2900.7532 1.4886192e-14 2.1800358 1.4392833e-14 2.1909838 -0.0191425 ISP
J1353.6-6640 208.4055 -66.6719 -999.0 PowerLaw 4386.7876 5.8544125e-14 1.9303658 5.877815e-14 1.928336 0.001931209 HSP
J1353.7-3936 208.4386 -39.6157 -inf PowerLaw 11536.512 7.246918e-16 1.686637 1.2232904e-15 1.4228793 0.41379645 HSP
J1354.2+6934 208.5728 69.5676 -inf PowerLaw 1075.34 1.3041417e-13 2.4602284 1.5780563e-13 2.1254 0.30274853 LSP
J1354.3-0206 208.5972 -2.1099 3.716 LogParabola 427.7339 3.745124e-12 2.7275488 5.287979e-12 2.2953503 0.5358364 LSP
J1354.4+3707 208.6146 37.13 0.383965 PowerLaw 2898.724 3.234716e-14 2.0211153 3.4231176e-14 1.9840295 0.03781749 ""
J1354.7+0623 208.6951 6.3899 0.276 PowerLaw 2987.9187 1.4399025e-14 2.0700006 1.6558301e-14 1.9259948 0.12225576 ISP
J1354.8-1041 208.718 -10.6932 0.33 LogParabola 740.5759 2.3477169e-12 2.4198596 2.7678148e-12 2.2708366 0.18440214 LSP
J1356.2-1726 209.0681 -17.4472 0.074745 LogParabola 3383.3499 1.4204835e-14 2.018664 2.9892193e-14 1.5594416 0.91502494 LSP
J1357.1+1921 209.2902 19.3608 0.72 PowerLaw 462.5 2.7815417e-12 2.7575893 2.8348968e-12 2.7488012 0.014746742 ""
J1357.5+0127 209.3951 1.459 0.2187 PowerLaw 1742.3497 1.3156716e-13 2.1958814 1.5711636e-13 2.1357348 0.14911337 ISP
J1358.1+7642 209.5283 76.7064 1.585 PowerLaw 978.0396 5.6837645e-13 2.3728662 5.971945e-13 2.3301299 0.044573475 LSP
J1358.9-0703 209.7392 -7.0621 -inf LogParabola 2411.6816 2.9777823e-14 2.0625913 5.223971e-14 1.5722783 0.7283437 LSP
J1359.1+5544 209.7845 55.7479 1.014 LogParabola 746.4827 1.8051421e-12 2.4265208 2.0332484e-12 2.3612003 0.11320511 LSP
J1359.1-1152 209.7944 -11.8828 -inf PowerLaw 17868.045 3.4252117e-16 1.5137106 5.518477e-16 0.72799253 0.6239602 ISP
J1359.4+0202 209.8588 2.0424 1.325654 PowerLaw 1283.0293 1.682123e-13 2.385009 2.1589684e-13 2.295461 0.24879624 LSP
J1359.7+4012 209.9276 40.2153 0.407 LogParabola 442.362 3.4411092e-12 2.608794 4.1182127e-12 2.3273225 0.25969926 LSP
J1359.8-3746 209.9668 -37.7681 0.334 PowerLaw 2784.942 9.643259e-14 2.0368295 9.101121e-14 2.064937 -0.03163936 ISP
J1400.2-4010 210.0542 -40.1806 0.203 PowerLaw 4477.9697 7.9630414e-15 1.9860641 8.987527e-15 1.9697839 0.078123614 HSP
J1400.6-5605 210.1567 -56.0879 -inf PowerLaw 1006.1338 1.1962847e-12 2.5444834 1.3271929e-12 2.5051806 0.09125119 ""
J1401.1-3717 210.2971 -37.2975 -inf PowerLaw 4390.9277 1.4102485e-14 1.9898182 1.5941716e-14 1.8306707 0.10813685 ""
J1401.2-0915 210.3061 -9.2577 0.667 PowerLaw 2209.308 5.096714e-14 2.0854545 6.4789963e-14 1.9938531 0.1999255 LSP
J1402.5-1827 210.6398 -18.4626 -inf PowerLaw 754.4713 8.705613e-13 2.5946915 8.765831e-13 2.5895042 0.004531821 ""
J1402.6+1600 210.6584 16.0016 0.2442 PowerLaw 4358.674 7.552814e-15 1.9568448 7.467835e-15 1.9634712 -0.0066318247 ISP
J1402.6-3330 210.6652 -33.5045 2.14 LogParabola 478.316 2.2278082e-12 2.7580202 4.0332464e-12 2.6534305 0.9845477 ""
J1403.4+4319 210.8684 43.3225 0.493249 PowerLaw 10518.729 5.831435e-16 1.5594558 8.999701e-16 1.4738183 0.23292872 ISP
J1404.8+6554 211.2158 65.9048 0.363 PowerLaw 2466.6272 7.0150286e-14 1.9263681 7.615523e-14 1.864504 0.054249924 LSP
J1404.8+0402 211.2244 4.0352 0.344 PowerLaw 2059.093 1.2125103e-13 2.056973 1.2318434e-13 2.0478907 0.009452907 HSP
J1405.3-0640 211.3291 -6.683 -inf PowerLaw 2020.6763 4.490866e-14 2.1815755 5.1414534e-14 2.065214 0.116310716 LSP
J1406.1-2508 211.5445 -25.1386 -inf PowerLaw 2353.9324 7.648704e-14 2.0332234 8.5720934e-14 1.9741467 0.07423895 ISP
J1406.4-1654 211.6216 -16.9073 -inf PowerLaw 1580.9163 7.913864e-14 2.3094647 8.129306e-14 2.2967248 0.015767416 ISP
J1406.6-3934 211.6655 -39.5727 0.37 PowerLaw 14707.367 8.8426433e-16 1.5526536 1.4671327e-15 1.1894403 0.44218144 ISP
J1406.9+1643 211.742 16.7206 0.54 PowerLaw 4516.9087 1.0924659e-14 1.7935947 1.4418906e-14 1.5515018 0.22373664 HSP
J1407.5-2706 211.8913 -27.1041 -inf PowerLaw 6051.167 3.1502648e-15 1.8826978 2.4531016e-15 2.0353706 -0.102171555 LSP
J1407.6-4301 211.9194 -43.0234 -inf PowerLaw 2249.245 9.218136e-14 2.10307 1.0003863e-13 2.0424335 0.05933214 LSP
J1408.9-0751 212.2356 -7.8575 1.493 LogParabola 1103.9655 1.8070443e-12 2.3540058 1.948191e-12 2.331458 0.07372851 LSP
J1410.1+0202 212.5287 2.0354 -inf PowerLaw 1052.8351 5.797283e-13 2.3147933 6.4751633e-13 2.244114 0.09229017 LSP
J1410.3+1438 212.5908 14.6434 0.14425 PowerLaw 1967.2932 8.3818654e-14 2.1007702 9.761813e-14 2.0136888 0.11234017 ""
J1410.3+6058 212.5967 60.977 0.384 PowerLaw 10064.827 7.515632e-16 1.6229523 9.936826e-16 1.3375212 0.2160569 HSP
J1410.4+2820 212.6229 28.342 0.522091 PowerLaw 1779.3865 8.434365e-14 2.1015787 9.647745e-14 2.0052335 0.10785643 HSP
J1410.5+6215 212.6283 62.2662 -inf PowerLaw 977.55444 1.2770865e-13 2.574345 1.04947145e-13 2.650433 -0.10436455 LSP
J1411.5-0723 212.886 -7.3984 -999.0 PowerLaw 3033.5374 2.6519983e-14 2.0933824 2.4321728e-14 2.1487653 -0.049578656 ISP
J1411.8+5249 212.9692 52.8278 0.07649 PowerLaw 2012.9761 5.2108762e-14 2.110171 4.972858e-14 2.1272314 -0.027648719 HSP
