4LAC_catalog_generator_v2/resulting_catalogs/agn_pop_4lac_dr2_with_z.ecsv
# %ECSV 1.0
# ---
# datatype:
# - {name: Source_Name, datatype: string}
# - {name: RAJ2000, datatype: float32}
# - {name: DEJ2000, datatype: float32}
# - {name: Redshift, datatype: float64}
# - {name: SpectrumType, datatype: string}
# - {name: Pivot_Energy, datatype: float32}
# - {name: PL_Flux_Density, datatype: float32}
# - {name: PL_Index, datatype: float32}
# - {name: LP_Flux_Density, datatype: float32}
# - {name: LP_Index, datatype: float32}
# - {name: LP_beta, datatype: float32}
# - {name: SED_class, datatype: string}
# schema: astropy-2.0
Source_Name RAJ2000 DEJ2000 Redshift SpectrumType Pivot_Energy PL_Flux_Density PL_Index LP_Flux_Density LP_Index LP_beta SED_class
[from data line 821]
J1119.0+1235 169.7655 12.5866 2.125651 LogParabola 537.5965 3.1518072e-12 2.5864294 3.7925813e-12 2.4052448 0.22943538 LSP
J1119.6-3047 169.9245 -30.7962 0.412 PowerLaw 8883.314 1.6748054e-15 1.7281163 1.5952804e-15 1.7562401 -0.024036825 ""
J1120.6+0713 170.1542 7.2245 0.287 LogParabola 1273.2075 5.498613e-13 2.1371386 7.6726635e-13 1.7992933 0.40038922 ""
J1121.3-0011 170.3496 -0.1836 0.0993 PowerLaw 3434.5054 1.3598669e-14 1.9687265 1.39184505e-14 1.9460145 0.015065882 ""
J1121.4-0553 170.3641 -5.8997 1.297 LogParabola 606.4761 8.1457835e-12 2.4230757 9.255703e-12 2.3086598 0.137802 LSP
J1123.4-2529 170.8683 -25.488 0.148 PowerLaw 1433.2446 1.1992626e-13 2.2385087 1.6315722e-13 1.9965854 0.3067688 ""
J1124.0+2336 171.0045 23.6159 1.549 PowerLaw 1315.0176 3.015223e-13 2.406401 3.060285e-13 2.4076571 0.0099271955 LSP
J1124.4+2308 171.102 23.137 0.795 PowerLaw 2520.5168 2.7816113e-14 2.2582374 2.7820474e-14 2.2593353 0.00052102713 LSP
J1125.5-3557 171.3929 -35.9581 0.284 PowerLaw 2641.0051 7.5791485e-14 2.0101914 7.691528e-14 2.003391 0.008915158 ISP
J1125.9-0742 171.4853 -7.7151 0.2786 PowerLaw 2635.696 3.9923797e-14 2.1081073 3.9912365e-14 2.1047094 0.0020171609 HSP
J1125.9+2005 171.4912 20.0912 0.13297 PowerLaw 1354.6796 2.5715744e-13 2.2417314 2.7700411e-13 2.2201614 0.054049615 LSP
J1127.0-1857 171.7634 -18.964 1.048 LogParabola 581.83716 2.5898603e-11 2.2020478 2.8065241e-11 2.0922632 0.08161016 LSP
J1127.4+5648 171.8648 56.8032 2.89 PowerLaw 523.4798 1.9060341e-12 2.7177427 2.077696e-12 2.6786835 0.08197851 LSP
J1127.8+3618 171.9639 36.314 0.884 PowerLaw 924.22754 1.7868683e-12 2.3712163 1.8810726e-12 2.3519027 0.042891283 LSP
J1128.0+5924 172.0034 59.4015 1.795 PowerLaw 813.6077 9.727218e-13 2.472451 1.0597028e-12 2.4162629 0.087680474 LSP
J1129.1+3703 172.2959 37.0644 0.445 PowerLaw 2253.4631 7.179491e-14 2.171245 7.864747e-14 2.1176229 0.07887459 LSP
J1129.5+3034 172.3804 30.5789 0.435 PowerLaw 1009.3689 2.467562e-13 2.4571629 2.657578e-13 2.404616 0.07077879 ISP
J1129.8-1447 172.4652 -14.796 1.184 PowerLaw 540.9438 4.121049e-12 2.6918025 4.610684e-12 2.6544857 0.10289393 LSP
J1129.8-4217 172.4684 -42.2881 0.1563 LogParabola 1258.581 2.4444308e-13 2.294689 3.8234563e-13 2.0080936 0.53167576 ""
J1130.5-3137 172.6499 -31.6219 0.150728 PowerLaw 19911.414 3.7240664e-16 1.4451753 4.411803e-16 1.3433782 0.08393691 HSP
J1130.8+1016 172.7192 10.2728 0.1717 PowerLaw 524.5709 1.7116035e-12 2.7276924 1.8183606e-12 2.694235 0.047359932 ""
J1131.0+3815 172.7545 38.2565 1.733 LogParabola 978.48145 1.424217e-12 2.4909816 1.6992963e-12 2.5488784 0.16199343 LSP
J1131.4+5809 172.8555 58.151 0.359646 PowerLaw 2510.6953 4.516722e-14 2.0662827 4.681894e-14 2.037841 0.027430011 ISP
J1131.4-0504 172.8749 -5.073 0.266 LogParabola 1252.4491 2.7725142e-13 2.4463143 4.25953e-13 2.7143254 0.62016004 LSP
J1132.7+0034 173.1961 0.5737 0.678 PowerLaw 1102.6328 2.0576982e-12 2.1355836 2.1324002e-12 2.1119642 0.025075972 ISP
J1133.8-2048 173.451 -20.811 0.058 PowerLaw 3016.9224 1.394245e-14 2.0030534 2.0875573e-14 0.8648171 0.92213345 HSP
J1134.8-1729 173.7141 -17.4981 0.571 PowerLaw 8639.62 1.828396e-15 1.6591898 2.5713904e-15 1.2846079 0.3048624 ""
J1135.7-0427 173.9425 -4.4634 0.273184 PowerLaw 899.1168 4.800643e-13 2.6010394 6.625694e-13 2.588202 0.35171828 LSP
J1136.2+3407 174.075 34.129 1.33695 PowerLaw 624.3681 1.847986e-12 2.5531943 2.1081225e-12 2.4830458 0.11901465 LSP
J1136.4+6736 174.1179 67.6127 0.136 PowerLaw 3823.4011 3.6009627e-14 1.7466912 3.8330697e-14 1.7036489 0.03239978 HSP
J1136.4+7009 174.1219 70.1537 0.045 PowerLaw 2611.4443 1.574301e-13 1.8109199 1.593839e-13 1.8022436 0.0062881284 HSP
J1136.8+2550 174.2171 25.8463 0.156 PowerLaw 3346.0073 2.0706474e-14 1.9383594 1.9077062e-14 1.9861604 -0.03876628 LSP
J1137.9-1708 174.4849 -17.1495 0.6 LogParabola 4734.847 1.2656287e-14 1.7065837 1.7461428e-14 1.3599309 0.27267385 ""
J1138.2+4115 174.5711 41.2562 0.573711 PowerLaw 3301.3108 1.4412626e-14 2.0467448 1.2207686e-14 2.1250846 -0.08605033 LSP
J1138.4+4857 174.6045 48.9623 1.304 PowerLaw 457.41428 1.8359997e-12 2.8270414 1.7612207e-12 2.857376 -0.035547677 LSP
J1139.0+4033 174.7637 40.5617 2.36 PowerLaw 677.8602 9.736368e-13 2.7201269 1.063071e-12 2.7029386 0.08535772 LSP
J1140.5+1528 175.129 15.4824 0.244 PowerLaw 8410.503 2.7326344e-15 1.7575399 2.9334248e-15 1.7223952 0.035348676 HSP
J1142.0+1548 175.502 15.8 0.299 PowerLaw 1226.6992 5.1583173e-13 2.258489 5.244316e-13 2.2526758 0.010954442 LSP
J1143.1+6122 175.7881 61.3801 0.475 LogParabola 1674.2529 1.6509842e-13 2.041147 2.0567501e-13 1.7376894 0.2502605 LSP
J1144.9+1937 176.2394 19.6283 0.021718 PowerLaw 2614.4849 4.595886e-14 1.9982857 4.654138e-14 1.988557 0.00743223 HSP
J1145.5-0340 176.3941 -3.6753 0.167 PowerLaw 4316.6875 4.6412713e-15 1.9261647 7.154233e-15 1.5626947 0.5048778 HSP
J1145.5+4423 176.3974 44.3873 0.299836 PowerLaw 1037.5857 1.5609074e-13 2.4805868 1.245596e-13 2.5545764 -0.12630665 LSP
J1145.7+0453 176.4302 4.8979 1.342 PowerLaw 311.84918 4.1761013e-12 3.0075574 3.837936e-12 3.0725007 -0.07449433 ""
J1145.7-6949 176.4382 -69.8314 0.244 LogParabola 732.81195 1.2781795e-12 2.6875026 1.6516273e-12 2.695471 0.22643982 LSP
J1146.6-2902 176.6531 -29.0389 0.45 PowerLaw 1203.3265 1.4639776e-13 2.3254437 2.0028894e-13 2.2795763 0.27420357 LSP
J1146.9+3958 176.7405 39.9775 1.089 LogParabola 531.27997 2.5316275e-11 2.3826013 2.7045864e-11 2.3226821 0.066531174 LSP
J1147.0-3812 176.76 -38.2006 1.048 LogParabola 739.75946 5.426791e-12 2.2286518 5.7520356e-12 2.1596875 0.054569185 LSP
J1147.4-6758 176.8737 -67.981 0.21 LogParabola 1203.8805 3.3296613e-13 2.5480072 5.0812154e-13 2.582016 0.4023322 LSP
J1147.8-0724 176.9608 -7.4144 1.342 LogParabola 733.7867 2.2862988e-12 2.4213653 2.738512e-12 2.335802 0.17102149 LSP
J1148.5+2629 177.1413 26.4986 0.867225 PowerLaw 368.50668 3.6145737e-12 2.9235892 3.99939e-12 2.831881 0.11048674 LSP
J1148.6+1841 177.1542 18.6861 0.405 PowerLaw 1357.8807 1.4623364e-13 2.3225908 1.541192e-13 2.2769024 0.045696825 LSP
J1149.0+5924 177.2539 59.4158 0.011 PowerLaw 2517.9927 3.4087703e-14 2.1787124 4.0416838e-14 1.865311 0.23019592 ""
J1149.4+2441 177.3713 24.6873 0.402 PowerLaw 4422.0825 9.397449e-15 1.9622163 1.15647e-14 1.8424492 0.15953588 HSP
J1150.4+2418 177.6029 24.3016 0.2 PowerLaw 1107.6464 1.3442151e-12 2.2281256 1.4513062e-12 2.19249 0.05770714 ISP
J1152.1+2837 178.0309 28.6293 0.441 PowerLaw 5564.3213 3.898439e-15 1.8840119 4.01092e-15 1.8594139 0.015303357 ISP
J1152.3-0839 178.0808 -8.6663 2.37 PowerLaw 840.3094 1.8377689e-12 2.4123645 2.014076e-12 2.3633292 0.08400399 LSP
J1152.8+3308 178.2123 33.1416 1.397596 PowerLaw 323.1073 5.1288297e-12 3.0139525 4.449531e-12 3.0882678 -0.114574604 LSP
J1153.0+8056 178.2664 80.9357 1.25 PowerLaw 456.05414 3.0142989e-12 2.8695054 2.7994608e-12 2.919167 -0.06162188 LSP
J1153.3-1104 178.3476 -11.075 0.269 PowerLaw 1208.4519 3.7460023e-13 2.3361268 4.1520552e-13 2.3130803 0.07412354 LSP
J1153.4+4931 178.3505 49.5169 0.334 PowerLaw 771.67224 3.1222425e-12 2.411873 3.2576854e-12 2.3855257 0.03884845 LSP
J1153.7+3822 178.4464 38.3684 0.410456 PowerLaw 4139.608 6.6185693e-15 1.9255911 6.6890764e-15 1.9174591 0.006253155 LSP
J1154.0-0010 178.5103 -0.1787 0.254 PowerLaw 4089.2148 2.3938123e-14 1.8066547 2.6347465e-14 1.7286993 0.058972955 HSP
J1154.0+4037 178.5145 40.632 0.925125 PowerLaw 2077.7905 8.1470285e-14 2.1146507 8.475999e-14 2.0786629 0.030181333 LSP
J1154.0+6018 178.519 60.3107 1.12 LogParabola 663.61127 1.4699445e-12 2.6984088 1.841224e-12 2.7541087 0.24072318 LSP
J1155.8+6137 178.9535 61.6281 1.525 PowerLaw 5021.23 3.8129535e-15 1.8491815 4.8331315e-15 1.681838 0.16960542 ISP
J1158.5+4824 179.6365 48.4161 2.028 PowerLaw 946.60046 5.005003e-13 2.4425726 5.1951233e-13 2.4253964 0.032584123 LSP
J1158.9+0818 179.7482 8.3006 0.29 PowerLaw 3317.0051 1.5221468e-14 1.940692 1.7228488e-14 1.8349264 0.088790506 ISP
J1159.2-2227 179.8107 -22.4605 0.565 PowerLaw 1270.408 6.7057704e-13 2.4477382 7.6315094e-13 2.358714 0.14292204 LSP
J1159.3-2142 179.8432 -21.7038 0.617 LogParabola 868.96735 2.7699316e-12 2.4320006 3.1581905e-12 2.3827667 0.13060275 LSP
J1159.5+2914 179.884 29.2448 0.729 LogParabola 523.50714 5.762078e-11 2.1925628 6.117101e-11 2.1032994 0.06240156 LSP
J1200.6+1229 180.1734 12.4922 0.415 PowerLaw 1088.0652 3.0765231e-13 2.3873935 3.505843e-13 2.3221698 0.11190044 ""
J1201.1-0332 180.2909 -3.5426 0.755 PowerLaw 2493.1138 2.6136745e-14 2.032624 3.3906028e-14 1.917324 0.17782228 LSP
J1202.4+4442 180.61 44.7147 0.297 PowerLaw 783.4645 3.0706159e-13 2.5998025 2.7090399e-13 2.68363 -0.08238908 ISP
J1202.5-0528 180.6291 -5.4709 0.381 PowerLaw 441.20328 3.3549918e-12 2.834307 3.8713455e-12 2.7886236 0.13973862 LSP
J1202.5+3852 180.6462 38.8809 0.805 PowerLaw 941.75793 4.1139718e-13 2.4469063 3.7834175e-13 2.4730573 -0.056327906 ISP
J1202.9+5141 180.7372 51.6899 0.063 PowerLaw 1114.2405 1.09532175e-13 2.539053 9.5995985e-14 2.571149 -0.08175114 ""
J1203.1+6031 180.7881 60.518 0.065 PowerLaw 1581.5453 3.2788125e-13 2.1214125 3.5942917e-13 2.054 0.07569572 LSP
J1203.3+1119 180.8327 11.3231 0.435 PowerLaw 1486.8756 8.765575e-14 2.3388798 1.2064071e-13 2.2780817 0.2665936 LSP
J1203.4-3925 180.852 -39.4257 0.23 PowerLaw 5336.192 1.2996584e-14 1.8075035 1.3187152e-14 1.802629 0.006341907 HSP
J1204.0+1146 181.0204 11.7761 0.296221 PowerLaw 4061.519 1.761771e-14 1.8864119 2.0959142e-14 1.7821147 0.12565069 ""
J1204.2-0709 181.0741 -7.1627 0.184 PowerLaw 2910.659 9.3280066e-14 1.891406 1.05527274e-13 1.7919672 0.08434725 ISP
J1204.8+0407 181.2027 4.12 1.947 PowerLaw 748.0299 3.692064e-13 2.5781493 4.1337992e-13 2.4808428 0.10898179 LSP
J1205.7-2635 181.4322 -26.5946 0.789 PowerLaw 708.26587 2.1728429e-12 2.5291886 2.2840033e-12 2.5086157 0.037546344 LSP
J1205.8+3321 181.4595 33.3546 2.125 PowerLaw 744.13354 4.1751682e-13 2.6198325 4.1250505e-13 2.630368 -0.011226068 LSP
J1207.7-0106 181.9276 -1.1063 1.006 PowerLaw 1044.7465 4.319825e-13 2.3375936 5.2529156e-13 2.2226453 0.17853473 LSP
J1208.4+6121 182.1143 61.3559 0.275 PowerLaw 2977.779 1.7724515e-14 2.072934 1.6612525e-14 2.1235192 -0.03904615 ISP
J1208.9+5441 182.2261 54.6995 1.345123 LogParabola 360.54654 2.5733683e-11 2.5895302 2.7285924e-11 2.511188 0.07229182 LSP
J1209.4+4118 182.358 41.3111 1.336 PowerLaw 2375.1626 1.00803534e-13 1.9276763 1.08741493e-13 1.8530158 0.052824836 LSP
J1209.7+2548 182.4444 25.8007 1.435 PowerLaw 2435.9285 1.7586406e-14 2.136309 2.0323817e-14 2.0281703 0.10656042 LSP
J1209.8+1810 182.4664 18.1776 0.845 PowerLaw 887.11835 1.0945063e-12 2.4110923 1.1289683e-12 2.3944936 0.024620628 LSP
J1211.6+3901 182.9048 39.0268 0.6 PowerLaw 2930.65 1.3898303e-14 2.053184 1.2764312e-14 2.1364815 -0.051268417 ""
J1212.0-2326 183.0009 -23.4494 0.666 PowerLaw 4223.0938 1.7993143e-14 1.8974935 2.1031643e-14 1.7836889 0.10893584 ""
J1212.0+2242 183.0146 22.709 0.45 PowerLaw 2659.8147 2.1978833e-14 2.016427 2.4629506e-14 1.9439615 0.074654154 HSP
J1213.0+5129 183.2596 51.484 0.796 PowerLaw 1989.6132 7.9095076e-14 2.1081665 7.7014736e-14 2.1266801 -0.016199633 ISP
J1213.3-2618 183.3362 -26.314 0.278 PowerLaw 4974.231 1.2636604e-14 1.8065763 1.6676546e-14 1.5893434 0.22466844 ISP
J1213.6+1306 183.41 13.1154 1.14024 LogParabola 576.24274 3.2752043e-12 2.465626 3.8377496e-12 2.2838805 0.18841316 LSP
J1215.0+1656 183.7742 16.9372 1.132 PowerLaw 853.8494 1.3423469e-12 2.410009 1.3894468e-12 2.3911307 0.028398983 LSP
J1215.1+5002 183.7817 50.0438 1.545 PowerLaw 3183.6035 3.9356495e-14 1.8776612 4.3934007e-14 1.7783828 0.075855374 ISP
J1215.1+0731 183.7895 7.5222 0.136465 PowerLaw 5740.958 7.725313e-15 1.7225059 8.140477e-15 1.6991913 0.023622546 LSP
J1215.1+3513 183.7957 35.2217 0.8834 PowerLaw 813.66565 3.6754508e-13 2.5548363 4.1244615e-13 2.5293415 0.10493484 ""
J1216.1-0242 184.0293 -2.7144 0.359 PowerLaw 4440.095 7.682136e-15 1.9380456 8.813159e-15 1.9021057 0.078441545 ""
J1216.1+0930 184.0415 9.5096 0.0935 PowerLaw 2013.3148 7.928716e-14 2.0643804 8.609752e-14 2.0173302 0.052720793 HSP
J1217.9+3007 184.4762 30.1177 0.13 LogParabola 1093.8949 7.537831e-12 1.9292163 7.980157e-12 1.8541337 0.046154726 HSP
J1218.0-0028 184.5136 -0.4832 0.419 PowerLaw 1446.2723 2.3727317e-13 2.3211658 2.6586234e-13 2.2745173 0.094194256 LSP
J1219.0+4827 184.7664 48.451 1.076 PowerLaw 1365.8926 6.317017e-14 2.4140222 6.19888e-14 2.4204865 -0.012971267 LSP
J1219.0+3653 184.7684 36.8883 3.528223 PowerLaw 1568.5105 6.536975e-14 2.2387946 8.922823e-14 2.0037408 0.3559547 LSP
J1219.0-4827 184.7741 -48.4546 0.15 LogParabola 1550.2336 2.3758672e-13 2.2294621 3.0067688e-13 2.09054 0.20572817 ISP
J1219.7-0313 184.9334 -3.2217 0.299 PowerLaw 2997.1538 5.2979404e-14 1.9430885 5.7016295e-14 1.8935935 0.04522717 ISP
J1220.1+7105 185.0438 71.092 0.451 LogParabola 720.9986 5.4758064e-12 2.3239832 6.062117e-12 2.1886625 0.13095307 LSP
J1221.3+3010 185.3449 30.1677 0.184 PowerLaw 4501.464 1.8325864e-13 1.707395 1.95637e-13 1.6648307 0.032616034 HSP
J1221.5+2814 185.3784 28.2382 0.102 PowerLaw 1082.4634 3.2056174e-12 2.1531594 3.2982245e-12 2.1335435 0.021097437 ISP
J1222.5+0414 185.6271 4.2389 0.9642 LogParabola 345.14105 3.1707817e-11 2.7858946 3.414163e-11 2.6855116 0.09635798 LSP
J1223.0+1100 185.774 11.007 1.368 PowerLaw 2909.3318 2.1915433e-14 1.982081 2.8705987e-14 1.7811607 0.22411357 HSP
J1223.8+4649 185.9647 46.8243 0.261 PowerLaw 1957.4691 2.6130306e-14 2.2178204 2.5807507e-14 2.2224772 -0.0077717234 HSP
J1223.9+7954 185.9854 79.9025 0.375 PowerLaw 7251.5166 2.5657123e-15 1.8104061 3.0897666e-15 1.6802666 0.14224917 ""
J1223.9+5000 185.988 50.0089 1.063952 LogParabola 617.3607 2.877832e-12 2.5419528 3.4797159e-12 2.4187007 0.22466134 LSP
J1224.1+2239 186.0348 22.6547 0.4821 PowerLaw 8141.783 1.952062e-15 1.8479128 1.3445315e-15 1.944793 -0.12335034 ISP
J1224.4+2436 186.1161 24.6142 0.219 PowerLaw 2216.482 2.5058154e-13 1.9251257 2.7058187e-13 1.8651296 0.050192367 HSP
J1224.9+2122 186.2277 21.3814 0.434 LogParabola 392.393 2.0022044e-10 2.3418603 2.0895831e-10 2.2780685 0.04587176 LSP
J1224.9+4334 186.2371 43.5691 0.948 PowerLaw 750.0268 1.1860229e-12 2.4458585 1.2180139e-12 2.4274445 0.022082435 LSP
J1225.0+0330 186.2519 3.5098 0.956 LogParabola 963.96246 6.811817e-13 2.6270943 8.373588e-13 2.3972082 0.34648612 LSP
J1226.7+0637 186.6857 6.628 0.583 PowerLaw 5559.6597 6.9720286e-15 1.7353107 8.7610684e-15 1.5832775 0.1434201 HSP
J1226.8-1329 186.7188 -13.494 0.456 PowerLaw 2502.4365 1.163703e-13 1.9982351 1.352908e-13 1.8762077 0.11751007 LSP
J1227.1-4437 186.7859 -44.6274 0.11 PowerLaw 5484.1597 5.508723e-15 1.8547153 6.264558e-15 1.7541003 0.087470315 LSP
J1228.7+4858 187.1792 48.9827 1.716056 PowerLaw 880.20844 7.3499556e-13 2.5555983 8.293301e-13 2.50609 0.13480328 LSP
J1229.0+0202 187.2675 2.0454 0.158 LogParabola 307.12277 2.521497e-10 2.7048068 2.7316313e-10 2.614849 0.09651837 LSP
J1230.2+2517 187.5599 25.2983 0.135 LogParabola 811.2615 6.2419093e-12 2.0893202 6.556578e-12 2.0009103 0.05434047 ISP
J1230.8+1223 187.7123 12.3883 0.004283 PowerLaw 1569.5542 6.6715784e-13 2.057306 7.030298e-13 2.0262654 0.035015956 ISP
J1230.9+3711 187.7401 37.187 0.218 PowerLaw 1160.8948 8.640378e-14 2.5059001 7.655278e-14 2.5726306 -0.07535855 ISP
J1231.5+1421 187.8771 14.3532 0.256 PowerLaw 4148.218 1.9006477e-14 1.8827072 1.8809412e-14 1.8887933 -0.005533864 ISP
J1231.6+6415 187.9012 64.2535 0.16294 PowerLaw 3275.559 2.5293236e-14 1.9063061 2.5307506e-14 1.9071107 0.00019528384 ISP
J1232.5+4821 188.1309 48.3521 1.588 PowerLaw 1196.19 3.0949895e-13 2.3582668 3.3565953e-13 2.320006 0.07566758 LSP
J1233.6+5027 188.4105 50.4606 0.206796 PowerLaw 968.65936 2.7528452e-13 2.456769 3.289586e-13 2.3522832 0.16183563 ISP
J1236.3+3858 189.0894 38.9814 0.39 PowerLaw 2928.7456 2.4665198e-14 1.9888602 2.2935763e-14 2.0469277 -0.041111473 ISP
J1236.9-7232 189.237 -72.5336 0.02368 PowerLaw 1902.1285 7.4772484e-14 2.3290596 9.082544e-14 2.3559017 0.14722916 ""
